name;actual;prediction;False_probability;True_probability
assembly\src\test\java\org\apache\kylin\realizationregistrytest.java;False;False;1.0;0.0
assembly\src\test\java\org\apache\kylin\job\deploylocalmetatoremotetest.java;False;False;1.0;0.0
assembly\src\test\java\org\apache\kylin\job\deployutil.java;False;False;0.997;0.003
assembly\src\test\java\org\apache\kylin\job\streaming\kafka10dataloader.java;False;False;1.0;0.0
assembly\src\test\java\org\apache\kylin\job\streaming\streamdataloader.java;False;False;1.0;0.0
assembly\src\test\java\org\apache\kylin\job\streaming\streamingtabledatagenerator.java;False;False;0.993;0.007
cache\src\main\java\net\spy\memcached\refinedketamanodelocator.java;False;False;0.99;0.01
cache\src\main\java\org\apache\kylin\cache\cachemanager\cacheconstants.java;False;False;1.0;0.0
cache\src\main\java\org\apache\kylin\cache\cachemanager\instrumentedehcachecachemanager.java;False;False;1.0;0.0
cache\src\main\java\org\apache\kylin\cache\cachemanager\instrumentedehcachecachemanager.java;False;False;1.0;0.0
cache\src\main\java\org\apache\kylin\cache\cachemanager\memcachedcachemanager.java;False;False;1.0;0.0
cache\src\main\java\org\apache\kylin\cache\cachemanager\memcachedcachemanager.java;False;False;0.999;0.001
cache\src\main\java\org\apache\kylin\cache\cachemanager\memcachedcachemanager.java;False;False;1.0;0.0
cache\src\main\java\org\apache\kylin\cache\cachemanager\remotelocalfailovercachemanager.java;False;False;1.0;0.0
cache\src\main\java\org\apache\kylin\cache\ehcache\instrumentedehcachecache.java;False;False;0.998;0.002
cache\src\main\java\org\apache\kylin\cache\memcached\cachestats.java;False;False;0.996;0.004
cache\src\main\java\org\apache\kylin\cache\memcached\keyhooklookup.java;False;False;1.0;0.0
cache\src\main\java\org\apache\kylin\cache\memcached\keyhooklookup.java;False;False;1.0;0.0
cache\src\main\java\org\apache\kylin\cache\memcached\memcachedcache.java;False;False;0.997;0.003
cache\src\main\java\org\apache\kylin\cache\memcached\memcachedcacheconfig.java;False;False;0.998;0.002
cache\src\main\java\org\apache\kylin\cache\memcached\memcachedchunkingcache.java;False;False;0.991;0.009
cache\src\main\java\org\apache\kylin\cache\memcached\memcachedconnectionfactory.java;False;False;0.999;0.001
cache\src\main\java\org\apache\kylin\cache\memcached\memcachedconnectionfactorybuilder.java;False;False;0.992;0.008
cache\src\main\java\org\apache\kylin\cache\memcached\memcachedmetrics.java;False;False;0.998;0.002
cache\src\test\java\org\apache\kylin\cache\cachemanager\remotelocalfailovercachemanagertest.java;False;False;1.0;0.0
cache\src\test\java\org\apache\kylin\cache\memcached\memcachedcachetest.java;False;False;1.0;0.0
cache\src\test\java\org\apache\kylin\cache\memcached\memcachedchunkingcachetest.java;False;False;1.0;0.0
core-common\src\main\java\org\apache\kylin\common\backwardcompatibilityconfig.java;False;False;0.996;0.004
core-common\src\main\java\org\apache\kylin\common\closeable.java;False;False;0.999;0.001
core-common\src\main\java\org\apache\kylin\common\kylinconfig.java;False;False;0.975;0.025
core-common\src\main\java\org\apache\kylin\common\kylinconfig.java;False;False;0.98;0.02
core-common\src\main\java\org\apache\kylin\common\kylinconfigbase.java;True;False;0.939;0.061
core-common\src\main\java\org\apache\kylin\common\kylinconfigcannotinitexception.java;False;False;0.999;0.001
core-common\src\main\java\org\apache\kylin\common\kylinconfigext.java;False;False;0.986;0.014
core-common\src\main\java\org\apache\kylin\common\kylinversion.java;False;False;0.997;0.003
core-common\src\main\java\org\apache\kylin\common\querycontext.java;False;False;0.99;0.01
core-common\src\main\java\org\apache\kylin\common\querycontext.java;False;False;0.998;0.002
core-common\src\main\java\org\apache\kylin\common\querycontext.java;False;False;0.964;0.036
core-common\src\main\java\org\apache\kylin\common\querycontext.java;False;False;0.998;0.002
core-common\src\main\java\org\apache\kylin\common\querycontextfacade.java;False;False;0.997;0.003
core-common\src\main\java\org\apache\kylin\common\servermode.java;False;False;1.0;0.0
core-common\src\main\java\org\apache\kylin\common\sourcedialect.java;False;False;0.988;0.012
core-common\src\main\java\org\apache\kylin\common\storageurl.java;True;False;1.0;0.0
core-common\src\main\java\org\apache\kylin\common\debug\backdoortoggles.java;False;False;0.997;0.003
core-common\src\main\java\org\apache\kylin\common\exceptions\kylintimeoutexception.java;False;False;1.0;0.0
core-common\src\main\java\org\apache\kylin\common\exceptions\resourcelimitexceededexception.java;False;False;1.0;0.0
core-common\src\main\java\org\apache\kylin\common\exceptions\toobigdictionaryexception.java;False;False;1.0;0.0
core-common\src\main\java\org\apache\kylin\common\livy\livyrestbuilder.java;False;False;0.991;0.009
core-common\src\main\java\org\apache\kylin\common\livy\livyrestclient.java;False;False;0.999;0.001
core-common\src\main\java\org\apache\kylin\common\livy\livyrestexecutor.java;False;False;0.998;0.002
core-common\src\main\java\org\apache\kylin\common\livy\livystateenum.java;False;False;1.0;0.0
core-common\src\main\java\org\apache\kylin\common\livy\livytypeenum.java;False;False;1.0;0.0
core-common\src\main\java\org\apache\kylin\common\lock\distributedlock.java;False;False;0.675;0.325
core-common\src\main\java\org\apache\kylin\common\lock\distributedlockfactory.java;False;False;0.997;0.003
core-common\src\main\java\org\apache\kylin\common\metrics\common\metrics.java;False;False;0.964;0.036
core-common\src\main\java\org\apache\kylin\common\metrics\common\metricsconstant.java;False;False;1.0;0.0
core-common\src\main\java\org\apache\kylin\common\metrics\common\metricsfactory.java;False;False;0.999;0.001
core-common\src\main\java\org\apache\kylin\common\metrics\common\metricsnamebuilder.java;False;False;1.0;0.0
core-common\src\main\java\org\apache\kylin\common\metrics\common\metricsscope.java;False;False;1.0;0.0
core-common\src\main\java\org\apache\kylin\common\metrics\common\metricsvariable.java;False;False;1.0;0.0
core-common\src\main\java\org\apache\kylin\common\metrics\metrics2\codahalemetrics.java;False;False;0.999;0.001
core-common\src\main\java\org\apache\kylin\common\metrics\metrics2\codahalemetrics.java;False;False;0.998;0.002
core-common\src\main\java\org\apache\kylin\common\metrics\metrics2\codahalereporter.java;False;False;1.0;0.0
core-common\src\main\java\org\apache\kylin\common\metrics\metrics2\consolemetricsreporter.java;False;False;1.0;0.0
core-common\src\main\java\org\apache\kylin\common\metrics\metrics2\hadoopmetrics2reporter.java;False;False;0.971;0.029
core-common\src\main\java\org\apache\kylin\common\metrics\metrics2\hadoopmetrics2reporter.java;False;False;0.976;0.024
core-common\src\main\java\org\apache\kylin\common\metrics\metrics2\jmxmetricsreporter.java;False;False;1.0;0.0
core-common\src\main\java\org\apache\kylin\common\metrics\metrics2\jsonfilemetricsreporter.java;False;False;0.986;0.014
core-common\src\main\java\org\apache\kylin\common\metrics\metrics2\kylinobjectnamefactory.java;False;False;1.0;0.0
core-common\src\main\java\org\apache\kylin\common\metrics\metrics2\metricvariableratiogauge.java;False;False;1.0;0.0
core-common\src\main\java\org\apache\kylin\common\metrics\metrics2\metrics2reporter.java;False;False;1.0;0.0
core-common\src\main\java\org\apache\kylin\common\metrics\metrics2\metricsreporting.java;False;False;1.0;0.0
core-common\src\main\java\org\apache\kylin\common\metrics\perflog\iperflogger.java;False;False;0.989;0.011
core-common\src\main\java\org\apache\kylin\common\metrics\perflog\perflogger.java;False;False;1.0;0.0
core-common\src\main\java\org\apache\kylin\common\metrics\perflog\perfloggerfactory.java;False;False;0.999;0.001
core-common\src\main\java\org\apache\kylin\common\metrics\perflog\simpleperflogger.java;False;False;1.0;0.0
core-common\src\main\java\org\apache\kylin\common\persistence\aclentity.java;False;False;1.0;0.0
core-common\src\main\java\org\apache\kylin\common\persistence\autodeletedirectory.java;False;False;1.0;0.0
core-common\src\main\java\org\apache\kylin\common\persistence\contentreader.java;False;False;0.998;0.002
core-common\src\main\java\org\apache\kylin\common\persistence\contentwriter.java;False;False;1.0;0.0
core-common\src\main\java\org\apache\kylin\common\persistence\exponentialbackoffretry.java;False;False;0.997;0.003
core-common\src\main\java\org\apache\kylin\common\persistence\fileresourcestore.java;False;False;0.993;0.007
core-common\src\main\java\org\apache\kylin\common\persistence\hdfsresourcestore.java;False;False;0.992;0.008
core-common\src\main\java\org\apache\kylin\common\persistence\identifierfileresourcestore.java;False;False;1.0;0.0
core-common\src\main\java\org\apache\kylin\common\persistence\jdbcconnectionmanager.java;False;False;1.0;0.0
core-common\src\main\java\org\apache\kylin\common\persistence\jdbcresource.java;False;False;1.0;0.0
core-common\src\main\java\org\apache\kylin\common\persistence\jdbcresourcesql.java;False;False;0.998;0.002
core-common\src\main\java\org\apache\kylin\common\persistence\jdbcresourcestore.java;False;False;0.99;0.01
core-common\src\main\java\org\apache\kylin\common\persistence\jdbcresourcestore.java;False;False;1.0;0.0
core-common\src\main\java\org\apache\kylin\common\persistence\jdbcsqlqueryformat.java;False;False;1.0;0.0
core-common\src\main\java\org\apache\kylin\common\persistence\jdbcsqlqueryformatprovider.java;False;False;1.0;0.0
core-common\src\main\java\org\apache\kylin\common\persistence\jsonserializer.java;False;False;1.0;0.0
core-common\src\main\java\org\apache\kylin\common\persistence\pushdownresourcestore.java;False;False;0.993;0.007
core-common\src\main\java\org\apache\kylin\common\persistence\pushdownresourcestore.java;False;False;0.998;0.002
core-common\src\main\java\org\apache\kylin\common\persistence\rawresource.java;False;False;0.999;0.001
core-common\src\main\java\org\apache\kylin\common\persistence\resourceparallelcopier.java;False;False;0.974;0.026
core-common\src\main\java\org\apache\kylin\common\persistence\resourceparallelcopier.java;False;False;0.99;0.01
core-common\src\main\java\org\apache\kylin\common\persistence\resourcestore.java;False;False;0.999;0.001
core-common\src\main\java\org\apache\kylin\common\persistence\resourcestore.java;False;False;0.948;0.052
core-common\src\main\java\org\apache\kylin\common\persistence\resourcestore.java;False;False;0.989;0.011
core-common\src\main\java\org\apache\kylin\common\persistence\resourcestore.java;False;False;0.996;0.004
core-common\src\main\java\org\apache\kylin\common\persistence\resourcetool.java;False;False;0.979;0.021
core-common\src\main\java\org\apache\kylin\common\persistence\rootpersistententity.java;False;False;0.999;0.001
core-common\src\main\java\org\apache\kylin\common\persistence\serializer.java;False;False;1.0;0.0
core-common\src\main\java\org\apache\kylin\common\persistence\stringentity.java;False;False;1.0;0.0
core-common\src\main\java\org\apache\kylin\common\persistence\writeconflictexception.java;False;False;0.999;0.001
core-common\src\main\java\org\apache\kylin\common\restclient\restclient.java;False;False;0.993;0.007
core-common\src\main\java\org\apache\kylin\common\threadlocal\internalthread.java;False;False;0.998;0.002
core-common\src\main\java\org\apache\kylin\common\threadlocal\internalthreadlocal.java;False;False;0.997;0.003
core-common\src\main\java\org\apache\kylin\common\threadlocal\internalthreadlocalmap.java;False;False;1.0;0.0
core-common\src\main\java\org\apache\kylin\common\util\abstractapplication.java;False;False;0.973;0.027
core-common\src\main\java\org\apache\kylin\common\util\array.java;False;False;1.0;0.0
core-common\src\main\java\org\apache\kylin\common\util\autoreadwritelock.java;False;False;1.0;0.0
core-common\src\main\java\org\apache\kylin\common\util\bitsets.java;False;False;1.0;0.0
core-common\src\main\java\org\apache\kylin\common\util\bufferedlogger.java;False;False;1.0;0.0
core-common\src\main\java\org\apache\kylin\common\util\bytearray.java;False;False;0.993;0.007
core-common\src\main\java\org\apache\kylin\common\util\bytebufferbackedinputstream.java;False;False;0.983;0.017
core-common\src\main\java\org\apache\kylin\common\util\bytebufferoutputstream.java;False;False;1.0;0.0
core-common\src\main\java\org\apache\kylin\common\util\bytes.java;False;False;0.935;0.065
core-common\src\main\java\org\apache\kylin\common\util\bytes.java;False;False;0.981;0.019
core-common\src\main\java\org\apache\kylin\common\util\bytes.java;False;False;0.987;0.013
core-common\src\main\java\org\apache\kylin\common\util\bytesserializer.java;False;False;0.998;0.002
core-common\src\main\java\org\apache\kylin\common\util\bytessplitter.java;False;False;1.0;0.0
core-common\src\main\java\org\apache\kylin\common\util\bytesutil.java;False;False;0.977;0.023
core-common\src\main\java\org\apache\kylin\common\util\caseinsensitivestring.java;False;False;1.0;0.0
core-common\src\main\java\org\apache\kylin\common\util\caseinsensitivestringmap.java;False;False;1.0;0.0
core-common\src\main\java\org\apache\kylin\common\util\caseinsensitivestringset.java;False;False;1.0;0.0
core-common\src\main\java\org\apache\kylin\common\util\checkutil.java;False;False;0.997;0.003
core-common\src\main\java\org\apache\kylin\common\util\classutil.java;False;False;1.0;0.0
core-common\src\main\java\org\apache\kylin\common\util\classpathscanner.java;False;False;0.966;0.034
core-common\src\main\java\org\apache\kylin\common\util\classpathscanner.java;False;False;0.992;0.008
core-common\src\main\java\org\apache\kylin\common\util\clicommandexecutor.java;False;False;0.999;0.001
core-common\src\main\java\org\apache\kylin\common\util\compressionutils.java;False;False;1.0;0.0
core-common\src\main\java\org\apache\kylin\common\util\dbutils.java;False;False;1.0;0.0
core-common\src\main\java\org\apache\kylin\common\util\daemonthreadfactory.java;False;False;1.0;0.0
core-common\src\main\java\org\apache\kylin\common\util\dateformat.java;False;False;0.987;0.013
core-common\src\main\java\org\apache\kylin\common\util\decimalutil.java;False;False;1.0;0.0
core-common\src\main\java\org\apache\kylin\common\util\dictionary.java;False;False;0.993;0.007
core-common\src\main\java\org\apache\kylin\common\util\encryptutil.java;False;False;0.999;0.001
core-common\src\main\java\org\apache\kylin\common\util\fifoiterable.java;False;False;1.0;0.0
core-common\src\main\java\org\apache\kylin\common\util\fifoiterator.java;False;False;1.0;0.0
core-common\src\main\java\org\apache\kylin\common\util\hadooputil.java;False;False;0.992;0.008
core-common\src\main\java\org\apache\kylin\common\util\hivecmdbuilder.java;False;False;0.993;0.007
core-common\src\main\java\org\apache\kylin\common\util\identityutils.java;False;False;1.0;0.0
core-common\src\main\java\org\apache\kylin\common\util\immutablebitset.java;False;False;0.996;0.004
core-common\src\main\java\org\apache\kylin\common\util\implementationswitch.java;False;False;1.0;0.0
core-common\src\main\java\org\apache\kylin\common\util\jsonutil.java;False;False;0.997;0.003
core-common\src\main\java\org\apache\kylin\common\util\loggablecachedthreadpool.java;False;False;1.0;0.0
core-common\src\main\java\org\apache\kylin\common\util\logger.java;False;False;1.0;0.0
core-common\src\main\java\org\apache\kylin\common\util\mailservice.java;True;False;0.982;0.018
core-common\src\main\java\org\apache\kylin\common\util\mailtemplateprovider.java;False;False;0.995;0.005
core-common\src\main\java\org\apache\kylin\common\util\mathutil.java;False;False;1.0;0.0
core-common\src\main\java\org\apache\kylin\common\util\memorybudgetcontroller.java;False;False;1.0;0.0
core-common\src\main\java\org\apache\kylin\common\util\memorybudgetcontroller.java;False;False;0.984;0.016
core-common\src\main\java\org\apache\kylin\common\util\memorybudgetcontroller.java;False;False;1.0;0.0
core-common\src\main\java\org\apache\kylin\common\util\memorybudgetcontroller.java;False;False;1.0;0.0
core-common\src\main\java\org\apache\kylin\common\util\mylogformatter.java;False;False;0.999;0.001
core-common\src\main\java\org\apache\kylin\common\util\optionshelper.java;False;False;0.998;0.002
core-common\src\main\java\org\apache\kylin\common\util\orderedproperties.java;False;False;0.998;0.002
core-common\src\main\java\org\apache\kylin\common\util\orderedproperties.java;False;False;0.987;0.013
core-common\src\main\java\org\apache\kylin\common\util\orderedproperties.java;False;False;0.998;0.002
core-common\src\main\java\org\apache\kylin\common\util\pair.java;False;False;0.996;0.004
core-common\src\main\java\org\apache\kylin\common\util\partialsorter.java;False;False;1.0;0.0
core-common\src\main\java\org\apache\kylin\common\util\primes.java;False;False;0.965;0.035
core-common\src\main\java\org\apache\kylin\common\util\randomsampler.java;False;False;0.999;0.001
core-common\src\main\java\org\apache\kylin\common\util\randomutil.java;False;False;1.0;0.0
core-common\src\main\java\org\apache\kylin\common\util\rangeutil.java;False;False;0.996;0.004
core-common\src\main\java\org\apache\kylin\common\util\sshclient.java;False;False;0.969;0.031
core-common\src\main\java\org\apache\kylin\common\util\sshclientoutput.java;False;False;0.999;0.001
core-common\src\main\java\org\apache\kylin\common\util\serializetobytebuffer.java;False;False;0.998;0.002
core-common\src\main\java\org\apache\kylin\common\util\servermode.java;False;False;0.998;0.002
core-common\src\main\java\org\apache\kylin\common\util\setthreadname.java;False;False;1.0;0.0
core-common\src\main\java\org\apache\kylin\common\util\shardinghash.java;False;False;0.994;0.006
core-common\src\main\java\org\apache\kylin\common\util\sortutil.java;False;False;1.0;0.0
core-common\src\main\java\org\apache\kylin\common\util\sourceconfigurationutil.java;False;False;0.991;0.009
core-common\src\main\java\org\apache\kylin\common\util\soutlogger.java;False;False;1.0;0.0
core-common\src\main\java\org\apache\kylin\common\util\sparkentry.java;False;False;0.994;0.006
core-common\src\main\java\org\apache\kylin\common\util\splittedbytes.java;False;False;1.0;0.0
core-common\src\main\java\org\apache\kylin\common\util\streamingmessagerow.java;False;False;0.998;0.002
core-common\src\main\java\org\apache\kylin\common\util\stringsplitter.java;False;False;1.0;0.0
core-common\src\main\java\org\apache\kylin\common\util\stringutil.java;False;False;0.995;0.005
core-common\src\main\java\org\apache\kylin\common\util\sumhelper.java;False;False;1.0;0.0
core-common\src\main\java\org\apache\kylin\common\util\timeutil.java;False;False;0.997;0.003
core-common\src\main\java\org\apache\kylin\common\util\valueiterators.java;False;False;1.0;0.0
core-common\src\main\java\org\apache\kylin\common\util\versionutil.java;False;False;0.997;0.003
core-common\src\main\java\org\apache\kylin\common\util\zkutil.java;False;False;0.967;0.033
core-common\src\main\java\org\apache\kylin\common\util\zkutil.java;False;False;0.985;0.015
core-common\src\main\java\org\apache\kylin\common\util\zipfileutils.java;False;False;0.996;0.004
core-common\src\test\java\org\apache\kylin\common\hotloadkylinpropertiestestcase.java;False;False;0.995;0.005
core-common\src\test\java\org\apache\kylin\common\kylinconfigtest.java;False;False;0.999;0.001
core-common\src\test\java\org\apache\kylin\common\kylinversiontest.java;False;False;1.0;0.0
core-common\src\test\java\org\apache\kylin\common\storageurltest.java;False;False;1.0;0.0
core-common\src\test\java\org\apache\kylin\common\metrics\metrics2\hadoopmetrics2reportertest.java;False;False;0.988;0.012
core-common\src\test\java\org\apache\kylin\common\metrics\metrics2\standaloneexample.java;False;False;0.999;0.001
core-common\src\test\java\org\apache\kylin\common\persistence\autodeletedirectorytest.java;False;False;1.0;0.0
core-common\src\test\java\org\apache\kylin\common\persistence\hdfsresourcestoretest.java;False;False;1.0;0.0
core-common\src\test\java\org\apache\kylin\common\persistence\localfileresourcestoretest.java;False;False;0.994;0.006
core-common\src\test\java\org\apache\kylin\common\persistence\resourcestoretest.java;False;False;0.994;0.006
core-common\src\test\java\org\apache\kylin\common\persistence\resourcetooltest.java;False;False;0.998;0.002
core-common\src\test\java\org\apache\kylin\common\restclient\restclienttest.java;False;False;0.999;0.001
core-common\src\test\java\org\apache\kylin\common\util\abstractkylintestcase.java;False;False;0.996;0.004
core-common\src\test\java\org\apache\kylin\common\util\autoreadwritelocktest.java;False;False;1.0;0.0
core-common\src\test\java\org\apache\kylin\common\util\basictest.java;False;False;0.997;0.003
core-common\src\test\java\org\apache\kylin\common\util\basictest.java;False;False;0.998;0.002
core-common\src\test\java\org\apache\kylin\common\util\bitsetstest.java;False;False;1.0;0.0
core-common\src\test\java\org\apache\kylin\common\util\bytesutiltest.java;False;False;1.0;0.0
core-common\src\test\java\org\apache\kylin\common\util\cachebuildertest.java;False;False;0.998;0.002
core-common\src\test\java\org\apache\kylin\common\util\caseinsensitivestringcollectiontest.java;False;False;1.0;0.0
core-common\src\test\java\org\apache\kylin\common\util\classutiltest.java;False;False;1.0;0.0
core-common\src\test\java\org\apache\kylin\common\util\dateformattest.java;False;False;1.0;0.0
core-common\src\test\java\org\apache\kylin\common\util\encryptutiltest.java;False;False;0.992;0.008
core-common\src\test\java\org\apache\kylin\common\util\fatherbean.java;False;False;1.0;0.0
core-common\src\test\java\org\apache\kylin\common\util\fatherbean.java;False;False;1.0;0.0
core-common\src\test\java\org\apache\kylin\common\util\hbasemetadatatestcase.java;False;False;1.0;0.0
core-common\src\test\java\org\apache\kylin\common\util\hivecmdbuildertest.java;False;False;0.992;0.008
core-common\src\test\java\org\apache\kylin\common\util\identityutiltest.java;False;False;1.0;0.0
core-common\src\test\java\org\apache\kylin\common\util\implementationswitchtest.java;False;False;1.0;0.0
core-common\src\test\java\org\apache\kylin\common\util\jacksonbean.java;False;False;1.0;0.0
core-common\src\test\java\org\apache\kylin\common\util\jacksontest.java;False;False;1.0;0.0
core-common\src\test\java\org\apache\kylin\common\util\localfilemetadatatestcase.java;False;False;1.0;0.0
core-common\src\test\java\org\apache\kylin\common\util\localfilemetadatatestcase.java;False;False;1.0;0.0
core-common\src\test\java\org\apache\kylin\common\util\localfilemetadatatestcase.java;False;False;1.0;0.0
core-common\src\test\java\org\apache\kylin\common\util\mailservicetest.java;False;False;0.999;0.001
core-common\src\test\java\org\apache\kylin\common\util\partialsortertest.java;False;False;0.999;0.001
core-common\src\test\java\org\apache\kylin\common\util\randomsamplertest.java;False;False;0.999;0.001
core-common\src\test\java\org\apache\kylin\common\util\randomutiltest.java;False;False;1.0;0.0
core-common\src\test\java\org\apache\kylin\common\util\rangetest.java;False;False;0.989;0.011
core-common\src\test\java\org\apache\kylin\common\util\rangeutiltest.java;False;False;1.0;0.0
core-common\src\test\java\org\apache\kylin\common\util\sshclienttest.java;False;False;0.999;0.001
core-common\src\test\java\org\apache\kylin\common\util\setandunsetsystemprop.java;False;False;1.0;0.0
core-common\src\test\java\org\apache\kylin\common\util\sortutiltest.java;False;False;1.0;0.0
core-common\src\test\java\org\apache\kylin\common\util\sourceconfigurationutiltest.java;False;False;0.997;0.003
core-common\src\test\java\org\apache\kylin\common\util\stringsplittertest.java;False;False;0.998;0.002
core-common\src\test\java\org\apache\kylin\common\util\stringutiltest.java;False;False;1.0;0.0
core-common\src\test\java\org\apache\kylin\common\util\sumhelpertest.java;False;False;1.0;0.0
core-common\src\test\java\org\apache\kylin\common\util\timeutiltest.java;False;False;0.987;0.013
core-cube\src\main\java\org\apache\kylin\cube\cubecapabilitychecker.java;False;False;0.981;0.019
core-cube\src\main\java\org\apache\kylin\cube\cubedescmanager.java;False;False;0.972;0.028
core-cube\src\main\java\org\apache\kylin\cube\cubedescmanager.java;False;False;0.977;0.023
core-cube\src\main\java\org\apache\kylin\cube\cubeinstance.java;False;False;0.938;0.062
core-cube\src\main\java\org\apache\kylin\cube\cubemanager.java;False;False;0.934;0.066
core-cube\src\main\java\org\apache\kylin\cube\cubemanager.java;False;False;0.979;0.021
core-cube\src\main\java\org\apache\kylin\cube\cubemanager.java;False;False;0.973;0.027
core-cube\src\main\java\org\apache\kylin\cube\cubemanager.java;False;False;0.937;0.063
core-cube\src\main\java\org\apache\kylin\cube\cubesegment.java;False;False;0.974;0.026
core-cube\src\main\java\org\apache\kylin\cube\cubesegmentadvisor.java;False;False;0.999;0.001
core-cube\src\main\java\org\apache\kylin\cube\cubeupdate.java;False;False;0.999;0.001
core-cube\src\main\java\org\apache\kylin\cube\dimensionrangeinfo.java;False;False;1.0;0.0
core-cube\src\main\java\org\apache\kylin\cube\rawquerylasthacker.java;False;False;0.998;0.002
core-cube\src\main\java\org\apache\kylin\cube\cli\cubesignaturerefresher.java;False;False;0.998;0.002
core-cube\src\main\java\org\apache\kylin\cube\cli\dictionarygeneratorcli.java;False;False;0.995;0.005
core-cube\src\main\java\org\apache\kylin\cube\cli\dumpdictionarycli.java;False;False;0.998;0.002
core-cube\src\main\java\org\apache\kylin\cube\common\fuzzyvaluecombination.java;False;False;0.997;0.003
core-cube\src\main\java\org\apache\kylin\cube\common\rowkeysplitter.java;False;False;0.999;0.001
core-cube\src\main\java\org\apache\kylin\cube\common\segmentpruner.java;False;False;0.975;0.025
core-cube\src\main\java\org\apache\kylin\cube\cuboid\cuboid.java;False;False;0.993;0.007
core-cube\src\main\java\org\apache\kylin\cube\cuboid\cuboidcli.java;False;False;0.984;0.016
core-cube\src\main\java\org\apache\kylin\cube\cuboid\cuboidmanager.java;False;False;1.0;0.0
core-cube\src\main\java\org\apache\kylin\cube\cuboid\cuboidmodeenum.java;False;False;1.0;0.0
core-cube\src\main\java\org\apache\kylin\cube\cuboid\cuboidscheduler.java;False;False;0.994;0.006
core-cube\src\main\java\org\apache\kylin\cube\cuboid\cuboidutil.java;False;False;0.999;0.001
core-cube\src\main\java\org\apache\kylin\cube\cuboid\defaultcuboidscheduler.java;False;False;0.988;0.012
core-cube\src\main\java\org\apache\kylin\cube\cuboid\treecuboidscheduler.java;False;False;0.991;0.009
core-cube\src\main\java\org\apache\kylin\cube\cuboid\treecuboidscheduler.java;False;False;1.0;0.0
core-cube\src\main\java\org\apache\kylin\cube\cuboid\treecuboidscheduler.java;False;False;0.995;0.005
core-cube\src\main\java\org\apache\kylin\cube\cuboid\treecuboidscheduler.java;False;False;0.999;0.001
core-cube\src\main\java\org\apache\kylin\cube\cuboid\algorithm\abstractrecommendalgorithm.java;False;False;0.999;0.001
core-cube\src\main\java\org\apache\kylin\cube\cuboid\algorithm\bpuscalculator.java;False;False;1.0;0.0
core-cube\src\main\java\org\apache\kylin\cube\cuboid\algorithm\benefitpolicy.java;False;False;0.998;0.002
core-cube\src\main\java\org\apache\kylin\cube\cuboid\algorithm\cuboidbenefitmodel.java;False;False;0.997;0.003
core-cube\src\main\java\org\apache\kylin\cube\cuboid\algorithm\cuboidbenefitmodel.java;False;False;0.996;0.004
core-cube\src\main\java\org\apache\kylin\cube\cuboid\algorithm\cuboidbenefitmodel.java;False;False;0.997;0.003
core-cube\src\main\java\org\apache\kylin\cube\cuboid\algorithm\cuboidrecommendalgorithm.java;False;False;0.993;0.007
core-cube\src\main\java\org\apache\kylin\cube\cuboid\algorithm\cuboidrecommender.java;False;False;1.0;0.0
core-cube\src\main\java\org\apache\kylin\cube\cuboid\algorithm\cuboidrecommender.java;False;False;1.0;0.0
core-cube\src\main\java\org\apache\kylin\cube\cuboid\algorithm\cuboidrecommender.java;False;False;1.0;0.0
core-cube\src\main\java\org\apache\kylin\cube\cuboid\algorithm\cuboidstats.java;False;False;0.985;0.015
core-cube\src\main\java\org\apache\kylin\cube\cuboid\algorithm\cuboidstats.java;False;False;0.99;0.01
core-cube\src\main\java\org\apache\kylin\cube\cuboid\algorithm\cuboidstatsutil.java;False;False;0.967;0.033
core-cube\src\main\java\org\apache\kylin\cube\cuboid\algorithm\cuboidstatsutil.java;False;False;0.993;0.007
core-cube\src\main\java\org\apache\kylin\cube\cuboid\algorithm\pbpuscalculator.java;False;False;1.0;0.0
core-cube\src\main\java\org\apache\kylin\cube\cuboid\algorithm\spbpuscalculator.java;False;False;1.0;0.0
core-cube\src\main\java\org\apache\kylin\cube\cuboid\algorithm\generic\bitschromosome.java;False;False;0.991;0.009
core-cube\src\main\java\org\apache\kylin\cube\cuboid\algorithm\generic\bitschromosomehelper.java;False;False;1.0;0.0
core-cube\src\main\java\org\apache\kylin\cube\cuboid\algorithm\generic\bitschromosomehelper.java;False;False;1.0;0.0
core-cube\src\main\java\org\apache\kylin\cube\cuboid\algorithm\generic\bitsmutation.java;False;False;0.995;0.005
core-cube\src\main\java\org\apache\kylin\cube\cuboid\algorithm\generic\bitsonepointcrossover.java;False;False;0.998;0.002
core-cube\src\main\java\org\apache\kylin\cube\cuboid\algorithm\generic\combinedstoppingcondition.java;False;False;0.998;0.002
core-cube\src\main\java\org\apache\kylin\cube\cuboid\algorithm\generic\geneticalgorithm.java;False;False;0.983;0.017
core-cube\src\main\java\org\apache\kylin\cube\cuboid\algorithm\generic\roulettewheelselection.java;False;False;0.995;0.005
core-cube\src\main\java\org\apache\kylin\cube\cuboid\algorithm\greedy\greedyalgorithm.java;False;False;0.989;0.011
core-cube\src\main\java\org\apache\kylin\cube\gridtable\asymmetricrecordcomparator.java;False;False;1.0;0.0
core-cube\src\main\java\org\apache\kylin\cube\gridtable\comparatorex.java;False;False;0.995;0.005
core-cube\src\main\java\org\apache\kylin\cube\gridtable\cubecodesystem.java;False;False;0.999;0.001
core-cube\src\main\java\org\apache\kylin\cube\gridtable\cubegridtable.java;False;False;0.999;0.001
core-cube\src\main\java\org\apache\kylin\cube\gridtable\cuboidtogridtablemapping.java;False;False;0.998;0.002
core-cube\src\main\java\org\apache\kylin\cube\gridtable\cuboidtogridtablemappingext.java;False;False;1.0;0.0
core-cube\src\main\java\org\apache\kylin\cube\gridtable\recordcomparator.java;False;False;1.0;0.0
core-cube\src\main\java\org\apache\kylin\cube\gridtable\recordcomparators.java;False;False;0.998;0.002
core-cube\src\main\java\org\apache\kylin\cube\gridtable\scanrangeplannerbase.java;False;False;0.993;0.007
core-cube\src\main\java\org\apache\kylin\cube\gridtable\scanrangeplannerbase.java;False;False;0.963;0.037
core-cube\src\main\java\org\apache\kylin\cube\gridtable\segmentgtstartandend.java;False;False;0.999;0.001
core-cube\src\main\java\org\apache\kylin\cube\gridtable\trimmedcubecodesystem.java;False;False;1.0;0.0
core-cube\src\main\java\org\apache\kylin\cube\gridtable\trimmeddimenc.java;False;False;1.0;0.0
core-cube\src\main\java\org\apache\kylin\cube\gridtable\trimmeddimensionserializer.java;False;False;1.0;0.0
core-cube\src\main\java\org\apache\kylin\cube\inmemcubing\abstractinmemcubebuilder.java;False;False;0.999;0.001
core-cube\src\main\java\org\apache\kylin\cube\inmemcubing\compoundcuboidwriter.java;False;False;1.0;0.0
core-cube\src\main\java\org\apache\kylin\cube\inmemcubing\concurrentdiskstore.java;False;False;0.999;0.001
core-cube\src\main\java\org\apache\kylin\cube\inmemcubing\concurrentdiskstore.java;False;False;0.997;0.003
core-cube\src\main\java\org\apache\kylin\cube\inmemcubing\concurrentdiskstore.java;False;False;0.996;0.004
core-cube\src\main\java\org\apache\kylin\cube\inmemcubing\consumeblockingqueuecontroller.java;False;False;1.0;0.0
core-cube\src\main\java\org\apache\kylin\cube\inmemcubing\cuboidresult.java;False;False;1.0;0.0
core-cube\src\main\java\org\apache\kylin\cube\inmemcubing\doggedcubebuilder.java;False;False;0.992;0.008
core-cube\src\main\java\org\apache\kylin\cube\inmemcubing\doggedcubebuilder.java;False;False;0.998;0.002
core-cube\src\main\java\org\apache\kylin\cube\inmemcubing\doggedcubebuilder.java;False;False;0.999;0.001
core-cube\src\main\java\org\apache\kylin\cube\inmemcubing\doggedcubebuilder.java;False;False;0.999;0.001
core-cube\src\main\java\org\apache\kylin\cube\inmemcubing\doggedcubebuilder.java;False;False;0.997;0.003
core-cube\src\main\java\org\apache\kylin\cube\inmemcubing\icuboidgttablewriter.java;False;False;1.0;0.0
core-cube\src\main\java\org\apache\kylin\cube\inmemcubing\icuboidwriter.java;False;False;1.0;0.0
core-cube\src\main\java\org\apache\kylin\cube\inmemcubing\inmemcubebuilder.java;False;False;1.0;0.0
core-cube\src\main\java\org\apache\kylin\cube\inmemcubing\inmemcubebuilder.java;False;False;0.986;0.014
core-cube\src\main\java\org\apache\kylin\cube\inmemcubing\inmemcubebuilder.java;False;False;1.0;0.0
core-cube\src\main\java\org\apache\kylin\cube\inmemcubing\inmemcubebuilder.java;False;False;0.997;0.003
core-cube\src\main\java\org\apache\kylin\cube\inmemcubing\inmemcubebuilderutils.java;False;False;0.992;0.008
core-cube\src\main\java\org\apache\kylin\cube\inmemcubing\inputconverter.java;False;False;1.0;0.0
core-cube\src\main\java\org\apache\kylin\cube\inmemcubing\inputconverterunit.java;False;False;1.0;0.0
core-cube\src\main\java\org\apache\kylin\cube\inmemcubing\inputconverterunitforbasecuboid.java;False;False;1.0;0.0
core-cube\src\main\java\org\apache\kylin\cube\inmemcubing\inputconverterunitforrawdata.java;False;False;1.0;0.0
core-cube\src\main\java\org\apache\kylin\cube\inmemcubing\memdiskstore.java;False;False;0.998;0.002
core-cube\src\main\java\org\apache\kylin\cube\inmemcubing\memdiskstore.java;False;False;1.0;0.0
core-cube\src\main\java\org\apache\kylin\cube\inmemcubing\memdiskstore.java;False;False;0.999;0.001
core-cube\src\main\java\org\apache\kylin\cube\inmemcubing\memdiskstore.java;False;False;1.0;0.0
core-cube\src\main\java\org\apache\kylin\cube\inmemcubing\memdiskstore.java;False;False;0.999;0.001
core-cube\src\main\java\org\apache\kylin\cube\inmemcubing\memdiskstore.java;False;False;0.999;0.001
core-cube\src\main\java\org\apache\kylin\cube\inmemcubing\recordconsumeblockingqueuecontroller.java;False;False;1.0;0.0
core-cube\src\main\java\org\apache\kylin\cube\inmemcubing2\cuboidtask.java;False;False;0.999;0.001
core-cube\src\main\java\org\apache\kylin\cube\inmemcubing2\defaultcuboidcollectorwithcallback.java;False;False;1.0;0.0
core-cube\src\main\java\org\apache\kylin\cube\inmemcubing2\doggedcubebuilder2.java;False;False;0.992;0.008
core-cube\src\main\java\org\apache\kylin\cube\inmemcubing2\doggedcubebuilder2.java;False;False;0.999;0.001
core-cube\src\main\java\org\apache\kylin\cube\inmemcubing2\doggedcubebuilder2.java;False;False;0.995;0.005
core-cube\src\main\java\org\apache\kylin\cube\inmemcubing2\doggedcubebuilder2.java;False;False;0.994;0.006
core-cube\src\main\java\org\apache\kylin\cube\inmemcubing2\doggedcubebuilder2.java;False;False;0.997;0.003
core-cube\src\main\java\org\apache\kylin\cube\inmemcubing2\doggedcubebuilder2.java;False;False;0.999;0.001
core-cube\src\main\java\org\apache\kylin\cube\inmemcubing2\icuboidcollectorwithcallback.java;False;False;1.0;0.0
core-cube\src\main\java\org\apache\kylin\cube\inmemcubing2\icuboidresultlistener.java;False;False;1.0;0.0
core-cube\src\main\java\org\apache\kylin\cube\inmemcubing2\inmemcubebuilder2.java;False;False;0.983;0.017
core-cube\src\main\java\org\apache\kylin\cube\inmemcubing2\inmemcubebuilder2.java;False;False;0.988;0.012
core-cube\src\main\java\org\apache\kylin\cube\kv\abstractrowkeyencoder.java;False;False;0.999;0.001
core-cube\src\main\java\org\apache\kylin\cube\kv\cubedimencmap.java;False;False;0.99;0.01
core-cube\src\main\java\org\apache\kylin\cube\kv\fuzzykeyencoder.java;False;False;1.0;0.0
core-cube\src\main\java\org\apache\kylin\cube\kv\fuzzymaskencoder.java;False;False;0.994;0.006
core-cube\src\main\java\org\apache\kylin\cube\kv\lazyrowkeyencoder.java;False;False;1.0;0.0
core-cube\src\main\java\org\apache\kylin\cube\kv\rowconstants.java;False;False;1.0;0.0
core-cube\src\main\java\org\apache\kylin\cube\kv\rowkeycolumnio.java;False;False;1.0;0.0
core-cube\src\main\java\org\apache\kylin\cube\kv\rowkeydecoder.java;False;False;0.999;0.001
core-cube\src\main\java\org\apache\kylin\cube\kv\rowkeyencoder.java;False;False;1.0;0.0
core-cube\src\main\java\org\apache\kylin\cube\kv\rowkeyencoderprovider.java;False;False;0.999;0.001
core-cube\src\main\java\org\apache\kylin\cube\model\aggregationgroup.java;False;False;0.996;0.004
core-cube\src\main\java\org\apache\kylin\cube\model\cubebuildtypeenum.java;False;False;0.996;0.004
core-cube\src\main\java\org\apache\kylin\cube\model\cubedesc.java;False;False;0.98;0.02
core-cube\src\main\java\org\apache\kylin\cube\model\cubedesc.java;False;False;0.901;0.099
core-cube\src\main\java\org\apache\kylin\cube\model\cubedesc.java;False;False;0.974;0.026
core-cube\src\main\java\org\apache\kylin\cube\model\cubejoinedflattabledesc.java;False;False;0.996;0.004
core-cube\src\main\java\org\apache\kylin\cube\model\cubejoinedflattableenrich.java;False;False;1.0;0.0
core-cube\src\main\java\org\apache\kylin\cube\model\dictionarydesc.java;False;False;1.0;0.0
core-cube\src\main\java\org\apache\kylin\cube\model\dimensiondesc.java;False;False;0.998;0.002
core-cube\src\main\java\org\apache\kylin\cube\model\hbasecolumndesc.java;False;False;0.998;0.002
core-cube\src\main\java\org\apache\kylin\cube\model\hbasecolumnfamilydesc.java;False;False;1.0;0.0
core-cube\src\main\java\org\apache\kylin\cube\model\hbasemappingdesc.java;False;False;0.999;0.001
core-cube\src\main\java\org\apache\kylin\cube\model\hierarchydesc.java;False;False;1.0;0.0
core-cube\src\main\java\org\apache\kylin\cube\model\rowkeycoldesc.java;False;False;0.999;0.001
core-cube\src\main\java\org\apache\kylin\cube\model\rowkeydesc.java;False;False;0.999;0.001
core-cube\src\main\java\org\apache\kylin\cube\model\selectrule.java;False;False;1.0;0.0
core-cube\src\main\java\org\apache\kylin\cube\model\snapshottabledesc.java;False;False;0.998;0.002
core-cube\src\main\java\org\apache\kylin\cube\model\toomanycuboidexception.java;False;False;1.0;0.0
core-cube\src\main\java\org\apache\kylin\cube\model\validation\cubemetadatavalidator.java;False;False;0.995;0.005
core-cube\src\main\java\org\apache\kylin\cube\model\validation\ivalidatorrule.java;False;False;1.0;0.0
core-cube\src\main\java\org\apache\kylin\cube\model\validation\resultlevel.java;False;False;1.0;0.0
core-cube\src\main\java\org\apache\kylin\cube\model\validation\sourcetablemetadatavalidator.java;False;False;1.0;0.0
core-cube\src\main\java\org\apache\kylin\cube\model\validation\validatecontext.java;False;False;1.0;0.0
core-cube\src\main\java\org\apache\kylin\cube\model\validation\validatecontext.java;False;False;1.0;0.0
core-cube\src\main\java\org\apache\kylin\cube\model\validation\rule\aggregationgrouprule.java;False;False;0.957;0.043
core-cube\src\main\java\org\apache\kylin\cube\model\validation\rule\dictionaryrule.java;False;False;0.996;0.004
core-cube\src\main\java\org\apache\kylin\cube\model\validation\rule\functionrule.java;False;False;0.996;0.004
core-cube\src\main\java\org\apache\kylin\cube\model\validation\rule\rowkeyattrrule.java;False;False;1.0;0.0
core-cube\src\main\java\org\apache\kylin\cube\model\validation\rule\streamingcuberule.java;False;False;1.0;0.0
core-cube\src\main\java\org\apache\kylin\cube\upgrade\common\cubemetadataupgrade.java;False;False;0.995;0.005
core-cube\src\main\java\org\apache\kylin\cube\upgrade\common\metadataversionrefresher.java;False;False;0.995;0.005
core-cube\src\main\java\org\apache\kylin\cube\util\cubingutils.java;False;False;0.997;0.003
core-cube\src\main\java\org\apache\kylin\cube\util\keyvaluebuilder.java;False;False;0.999;0.001
core-cube\src\main\java\org\apache\kylin\gridtable\defaultgtcomparator.java;False;False;1.0;0.0
core-cube\src\main\java\org\apache\kylin\gridtable\emptygtscanner.java;False;False;0.999;0.001
core-cube\src\main\java\org\apache\kylin\gridtable\gtaggregatescanner.java;False;False;0.984;0.016
core-cube\src\main\java\org\apache\kylin\gridtable\gtaggregatescanner.java;False;False;0.997;0.003
core-cube\src\main\java\org\apache\kylin\gridtable\gtaggregatescanner.java;False;False;0.998;0.002
core-cube\src\main\java\org\apache\kylin\gridtable\gtaggregatescanner.java;False;False;0.999;0.001
core-cube\src\main\java\org\apache\kylin\gridtable\gtaggregatescanner.java;False;False;0.994;0.006
core-cube\src\main\java\org\apache\kylin\gridtable\gtaggregatescanner.java;False;False;0.999;0.001
core-cube\src\main\java\org\apache\kylin\gridtable\gtaggregatescanner.java;False;False;0.999;0.001
core-cube\src\main\java\org\apache\kylin\gridtable\gtaggregatescanner.java;False;False;1.0;0.0
core-cube\src\main\java\org\apache\kylin\gridtable\gtaggregatescanner.java;False;False;0.999;0.001
core-cube\src\main\java\org\apache\kylin\gridtable\gtaggregatescanner.java;False;False;1.0;0.0
core-cube\src\main\java\org\apache\kylin\gridtable\gtbuilder.java;False;False;1.0;0.0
core-cube\src\main\java\org\apache\kylin\gridtable\gtfilterscanner.java;False;False;1.0;0.0
core-cube\src\main\java\org\apache\kylin\gridtable\gtfilterscanner.java;False;False;0.996;0.004
core-cube\src\main\java\org\apache\kylin\gridtable\gtfilterscanner.java;False;False;1.0;0.0
core-cube\src\main\java\org\apache\kylin\gridtable\gtforwardingscanner.java;False;False;1.0;0.0
core-cube\src\main\java\org\apache\kylin\gridtable\gtfunctionscanner.java;False;False;1.0;0.0
core-cube\src\main\java\org\apache\kylin\gridtable\gtinfo.java;False;False;0.998;0.002
core-cube\src\main\java\org\apache\kylin\gridtable\gtinfo.java;False;False;0.996;0.004
core-cube\src\main\java\org\apache\kylin\gridtable\gtrecord.java;False;False;1.0;0.0
core-cube\src\main\java\org\apache\kylin\gridtable\gtrowblock.java;False;False;0.998;0.002
core-cube\src\main\java\org\apache\kylin\gridtable\gtrowblock.java;False;False;1.0;0.0
core-cube\src\main\java\org\apache\kylin\gridtable\gtrowblock.java;False;False;0.998;0.002
core-cube\src\main\java\org\apache\kylin\gridtable\gtsamplecodesystem.java;False;False;0.999;0.001
core-cube\src\main\java\org\apache\kylin\gridtable\gtscanrange.java;False;False;1.0;0.0
core-cube\src\main\java\org\apache\kylin\gridtable\gtscanrequest.java;False;False;0.991;0.009
core-cube\src\main\java\org\apache\kylin\gridtable\gtscanrequestbuilder.java;False;False;0.995;0.005
core-cube\src\main\java\org\apache\kylin\gridtable\gtstreamaggregatescanner.java;False;False;1.0;0.0
core-cube\src\main\java\org\apache\kylin\gridtable\gtstreamaggregatescanner.java;False;False;0.998;0.002
core-cube\src\main\java\org\apache\kylin\gridtable\gtstreamaggregatescanner.java;False;False;0.999;0.001
core-cube\src\main\java\org\apache\kylin\gridtable\gtstreamaggregatescanner.java;False;False;1.0;0.0
core-cube\src\main\java\org\apache\kylin\gridtable\gtutil.java;False;False;0.999;0.001
core-cube\src\main\java\org\apache\kylin\gridtable\gtutil.java;False;False;0.993;0.007
core-cube\src\main\java\org\apache\kylin\gridtable\gtutil.java;False;False;1.0;0.0
core-cube\src\main\java\org\apache\kylin\gridtable\gridtable.java;False;False;1.0;0.0
core-cube\src\main\java\org\apache\kylin\gridtable\igtbypasschecker.java;False;False;1.0;0.0
core-cube\src\main\java\org\apache\kylin\gridtable\igtcodesystem.java;False;False;0.992;0.008
core-cube\src\main\java\org\apache\kylin\gridtable\igtcomparator.java;False;False;0.999;0.001
core-cube\src\main\java\org\apache\kylin\gridtable\igtscanner.java;False;False;1.0;0.0
core-cube\src\main\java\org\apache\kylin\gridtable\igtstorage.java;False;False;1.0;0.0
core-cube\src\main\java\org\apache\kylin\gridtable\igtstore.java;False;False;0.999;0.001
core-cube\src\main\java\org\apache\kylin\gridtable\igtwriter.java;False;False;1.0;0.0
core-cube\src\main\java\org\apache\kylin\gridtable\storagelimitlevel.java;False;False;1.0;0.0
core-cube\src\main\java\org\apache\kylin\gridtable\storagesidebehavior.java;False;False;1.0;0.0
core-cube\src\main\java\org\apache\kylin\gridtable\unittestsupport.java;False;False;0.978;0.022
core-cube\src\main\java\org\apache\kylin\gridtable\benchmark\gtscannerbenchmark.java;False;False;0.992;0.008
core-cube\src\main\java\org\apache\kylin\gridtable\benchmark\gtscannerbenchmark2.java;False;False;0.994;0.006
core-cube\src\main\java\org\apache\kylin\gridtable\benchmark\sortedgtrecordgenerator.java;False;False;1.0;0.0
core-cube\src\main\java\org\apache\kylin\gridtable\benchmark\sortedgtrecordgenerator.java;False;False;0.997;0.003
core-cube\src\main\java\org\apache\kylin\gridtable\benchmark\sortedgtrecordgenerator.java;False;False;0.994;0.006
core-cube\src\main\java\org\apache\kylin\gridtable\benchmark\sortedgtrecordgenerator.java;False;False;1.0;0.0
core-cube\src\main\java\org\apache\kylin\gridtable\memstore\gtsimplememstore.java;False;False;0.998;0.002
core-cube\src\main\java\org\apache\kylin\gridtable\memstore\gtsimplememstore.java;False;False;0.999;0.001
core-cube\src\test\java\org\apache\kylin\cube\aggregationgroupruletest.java;False;False;1.0;0.0
core-cube\src\test\java\org\apache\kylin\cube\cubedescmanagertest.java;False;False;0.999;0.001
core-cube\src\test\java\org\apache\kylin\cube\cubedesctest.java;False;False;1.0;0.0
core-cube\src\test\java\org\apache\kylin\cube\cubeinstancetest.java;False;False;1.0;0.0
core-cube\src\test\java\org\apache\kylin\cube\cubemanagercachetest.java;False;False;1.0;0.0
core-cube\src\test\java\org\apache\kylin\cube\cubemanagerconcurrencytest.java;False;False;1.0;0.0
core-cube\src\test\java\org\apache\kylin\cube\cubemanagertest.java;False;False;0.997;0.003
core-cube\src\test\java\org\apache\kylin\cube\cubesegmentstest.java;False;False;1.0;0.0
core-cube\src\test\java\org\apache\kylin\cube\cubespecificconfigtest.java;False;False;1.0;0.0
core-cube\src\test\java\org\apache\kylin\cube\dimensionrangeinfotest.java;False;False;1.0;0.0
core-cube\src\test\java\org\apache\kylin\cube\projectspecificconfigtest.java;False;False;1.0;0.0
core-cube\src\test\java\org\apache\kylin\cube\rowkeyattrruletest.java;False;False;1.0;0.0
core-cube\src\test\java\org\apache\kylin\cube\common\bytessplittertest.java;False;False;0.999;0.001
core-cube\src\test\java\org\apache\kylin\cube\common\rowkeysplittertest.java;False;False;1.0;0.0
core-cube\src\test\java\org\apache\kylin\cube\common\segmentprunertest.java;False;False;1.0;0.0
core-cube\src\test\java\org\apache\kylin\cube\cuboid\combinationtest.java;False;False;0.998;0.002
core-cube\src\test\java\org\apache\kylin\cube\cuboid\cuboidschedulertest.java;False;False;1.0;0.0
core-cube\src\test\java\org\apache\kylin\cube\cuboid\cuboidtest.java;False;False;0.995;0.005
core-cube\src\test\java\org\apache\kylin\cube\cuboid\cuboidutiltest.java;False;False;1.0;0.0
core-cube\src\test\java\org\apache\kylin\cube\cuboid\treecuboidschedulertest.java;False;False;1.0;0.0
core-cube\src\test\java\org\apache\kylin\cube\cuboid\algorithm\cuboidstatsutiltest.java;False;False;0.996;0.004
core-cube\src\test\java\org\apache\kylin\cube\inmemcubing\concurrentdiskstoretest.java;False;False;1.0;0.0
core-cube\src\test\java\org\apache\kylin\cube\inmemcubing\consumeblockingqueuecontrollertest.java;False;False;1.0;0.0
core-cube\src\test\java\org\apache\kylin\cube\inmemcubing\consumeblockingqueuecontrollertest.java;False;False;1.0;0.0
core-cube\src\test\java\org\apache\kylin\cube\inmemcubing\memdiskstoretest.java;False;False;1.0;0.0
core-cube\src\test\java\org\apache\kylin\cube\inmemcubing\memorybudgetcontrollertest.java;False;False;1.0;0.0
core-cube\src\test\java\org\apache\kylin\cube\inmemcubing\memorybudgetcontrollertest.java;False;False;1.0;0.0
core-cube\src\test\java\org\apache\kylin\cube\kv\rowkeydecodertest.java;False;False;1.0;0.0
core-cube\src\test\java\org\apache\kylin\cube\kv\rowkeyencodertest.java;False;False;1.0;0.0
core-cube\src\test\java\org\apache\kylin\cube\model\validation\rule\dictionaryruletest.java;False;False;1.0;0.0
core-cube\src\test\java\org\apache\kylin\cube\model\validation\rule\functionruletest.java;False;False;1.0;0.0
core-cube\src\test\java\org\apache\kylin\cube\project\projectmanagertest.java;False;False;0.999;0.001
core-cube\src\test\java\org\apache\kylin\gridtable\aggregationcachememsizetest.java;False;False;0.998;0.002
core-cube\src\test\java\org\apache\kylin\gridtable\aggregationcachespilltest.java;False;False;1.0;0.0
core-cube\src\test\java\org\apache\kylin\gridtable\dimencodingpreserveordertest.java;False;False;1.0;0.0
core-cube\src\test\java\org\apache\kylin\gridtable\gtscanreqserdertest.java;False;False;1.0;0.0
core-cube\src\test\java\org\apache\kylin\gridtable\simplegridtabletest.java;False;False;0.998;0.002
core-cube\src\test\java\org\apache\kylin\gridtable\trimmedcubecodesystemtest.java;False;False;1.0;0.0
core-cube\src\test\java\org\apache\kylin\metadata\measure\measurecodectest.java;False;False;1.0;0.0
core-cube\src\test\java\org\apache\kylin\metadata\measure\topnmeasuretypetest.java;False;False;1.0;0.0
core-dictionary\src\main\java\org\apache\kylin\dict\appendtriedictionary.java;False;False;0.977;0.023
core-dictionary\src\main\java\org\apache\kylin\dict\builtinfunctiontransformer.java;False;False;0.948;0.052
core-dictionary\src\main\java\org\apache\kylin\dict\bytecomparator.java;False;False;1.0;0.0
core-dictionary\src\main\java\org\apache\kylin\dict\bytesconverter.java;False;False;0.997;0.003
core-dictionary\src\main\java\org\apache\kylin\dict\cachedictionary.java;False;False;0.985;0.015
core-dictionary\src\main\java\org\apache\kylin\dict\datestrdictionary.java;False;False;0.989;0.011
core-dictionary\src\main\java\org\apache\kylin\dict\dictcodesystem.java;False;False;1.0;0.0
core-dictionary\src\main\java\org\apache\kylin\dict\dictionarygenerator.java;False;False;1.0;0.0
core-dictionary\src\main\java\org\apache\kylin\dict\dictionarygenerator.java;False;False;0.997;0.003
core-dictionary\src\main\java\org\apache\kylin\dict\dictionarygenerator.java;False;False;1.0;0.0
core-dictionary\src\main\java\org\apache\kylin\dict\dictionarygenerator.java;False;False;1.0;0.0
core-dictionary\src\main\java\org\apache\kylin\dict\dictionarygenerator.java;False;False;1.0;0.0
core-dictionary\src\main\java\org\apache\kylin\dict\dictionarygenerator.java;False;False;1.0;0.0
core-dictionary\src\main\java\org\apache\kylin\dict\dictionarygenerator.java;False;False;0.999;0.001
core-dictionary\src\main\java\org\apache\kylin\dict\dictionaryinfo.java;False;False;0.987;0.013
core-dictionary\src\main\java\org\apache\kylin\dict\dictionaryinfoserializer.java;False;False;1.0;0.0
core-dictionary\src\main\java\org\apache\kylin\dict\dictionarymanager.java;True;False;0.997;0.003
core-dictionary\src\main\java\org\apache\kylin\dict\dictionaryprovider.java;False;False;1.0;0.0
core-dictionary\src\main\java\org\apache\kylin\dict\dictionaryserializer.java;False;False;1.0;0.0
core-dictionary\src\main\java\org\apache\kylin\dict\distinctcolumnvaluesprovider.java;False;False;1.0;0.0
core-dictionary\src\main\java\org\apache\kylin\dict\globaldictionarybuilder.java;False;False;1.0;0.0
core-dictionary\src\main\java\org\apache\kylin\dict\idictionarybuilder.java;False;False;0.998;0.002
core-dictionary\src\main\java\org\apache\kylin\dict\idictionaryvalueenumerator.java;False;False;1.0;0.0
core-dictionary\src\main\java\org\apache\kylin\dict\iterabledictionaryvalueenumerator.java;False;False;1.0;0.0
core-dictionary\src\main\java\org\apache\kylin\dict\multipledictionaryvalueenumerator.java;False;False;1.0;0.0
core-dictionary\src\main\java\org\apache\kylin\dict\number2bytesconverter.java;False;False;0.976;0.024
core-dictionary\src\main\java\org\apache\kylin\dict\number2bytesconverter.java;False;False;1.0;0.0
core-dictionary\src\main\java\org\apache\kylin\dict\numberdictionary.java;False;False;0.999;0.001
core-dictionary\src\main\java\org\apache\kylin\dict\numberdictionary2.java;False;False;0.998;0.002
core-dictionary\src\main\java\org\apache\kylin\dict\numberdictionarybuilder.java;False;False;1.0;0.0
core-dictionary\src\main\java\org\apache\kylin\dict\numberdictionaryforestbuilder.java;False;False;1.0;0.0
core-dictionary\src\main\java\org\apache\kylin\dict\numberdictionaryforestbuilder.java;False;False;1.0;0.0
core-dictionary\src\main\java\org\apache\kylin\dict\shrunkendictionary.java;False;False;1.0;0.0
core-dictionary\src\main\java\org\apache\kylin\dict\shrunkendictionary.java;False;False;1.0;0.0
core-dictionary\src\main\java\org\apache\kylin\dict\shrunkendictionary.java;False;False;0.999;0.001
core-dictionary\src\main\java\org\apache\kylin\dict\shrunkendictionarybuilder.java;False;False;1.0;0.0
core-dictionary\src\main\java\org\apache\kylin\dict\stringbytesconverter.java;False;False;0.999;0.001
core-dictionary\src\main\java\org\apache\kylin\dict\tablecolumnvalueenumerator.java;False;False;1.0;0.0
core-dictionary\src\main\java\org\apache\kylin\dict\tablecolumnvaluesortedenumerator.java;False;False;1.0;0.0
core-dictionary\src\main\java\org\apache\kylin\dict\tablecolumnvaluesortedenumerator.java;False;False;0.998;0.002
core-dictionary\src\main\java\org\apache\kylin\dict\timestrdictionary.java;False;False;1.0;0.0
core-dictionary\src\main\java\org\apache\kylin\dict\triedictionary.java;False;False;0.999;0.001
core-dictionary\src\main\java\org\apache\kylin\dict\triedictionary.java;False;False;0.995;0.005
core-dictionary\src\main\java\org\apache\kylin\dict\triedictionarybuilder.java;False;False;0.997;0.003
core-dictionary\src\main\java\org\apache\kylin\dict\triedictionarybuilder.java;False;False;0.999;0.001
core-dictionary\src\main\java\org\apache\kylin\dict\triedictionarybuilder.java;False;False;0.988;0.012
core-dictionary\src\main\java\org\apache\kylin\dict\triedictionarybuilder.java;False;False;0.98;0.02
core-dictionary\src\main\java\org\apache\kylin\dict\triedictionaryforest.java;False;False;0.993;0.007
core-dictionary\src\main\java\org\apache\kylin\dict\triedictionaryforestbuilder.java;False;False;0.998;0.002
core-dictionary\src\main\java\org\apache\kylin\dict\global\appenddictnode.java;False;False;0.997;0.003
core-dictionary\src\main\java\org\apache\kylin\dict\global\appenddictnode.java;False;False;0.996;0.004
core-dictionary\src\main\java\org\apache\kylin\dict\global\appenddictnode.java;False;False;0.999;0.001
core-dictionary\src\main\java\org\apache\kylin\dict\global\appenddictslice.java;False;False;0.996;0.004
core-dictionary\src\main\java\org\apache\kylin\dict\global\appenddictslicekey.java;False;False;1.0;0.0
core-dictionary\src\main\java\org\apache\kylin\dict\global\appendtriedictionarybuilder.java;False;False;0.995;0.005
core-dictionary\src\main\java\org\apache\kylin\dict\global\appendtriedictionarychecker.java;False;False;0.999;0.001
core-dictionary\src\main\java\org\apache\kylin\dict\global\globaldicthdfsstore.java;False;False;0.989;0.011
core-dictionary\src\main\java\org\apache\kylin\dict\global\globaldicthdfsstore.java;False;False;0.999;0.001
core-dictionary\src\main\java\org\apache\kylin\dict\global\globaldicthdfsstore.java;False;False;0.999;0.001
core-dictionary\src\main\java\org\apache\kylin\dict\global\globaldicthdfsstore.java;False;False;0.997;0.003
core-dictionary\src\main\java\org\apache\kylin\dict\global\globaldictmetadata.java;False;False;1.0;0.0
core-dictionary\src\main\java\org\apache\kylin\dict\global\globaldictstore.java;False;False;0.994;0.006
core-dictionary\src\main\java\org\apache\kylin\dict\global\segmentappendtriedictbuilder.java;False;False;1.0;0.0
core-dictionary\src\main\java\org\apache\kylin\dict\lookup\abstractlookuprowencoder.java;False;False;1.0;0.0
core-dictionary\src\main\java\org\apache\kylin\dict\lookup\exttablesnapshotinfo.java;False;False;0.999;0.001
core-dictionary\src\main\java\org\apache\kylin\dict\lookup\exttablesnapshotinfomanager.java;False;False;0.995;0.005
core-dictionary\src\main\java\org\apache\kylin\dict\lookup\iextlookupprovider.java;False;False;0.999;0.001
core-dictionary\src\main\java\org\apache\kylin\dict\lookup\iextlookuptablecache.java;False;False;0.999;0.001
core-dictionary\src\main\java\org\apache\kylin\dict\lookup\ilookuptable.java;False;False;1.0;0.0
core-dictionary\src\main\java\org\apache\kylin\dict\lookup\lookupproviderfactory.java;False;False;1.0;0.0
core-dictionary\src\main\java\org\apache\kylin\dict\lookup\lookupstringtable.java;False;False;1.0;0.0
core-dictionary\src\main\java\org\apache\kylin\dict\lookup\lookuptable.java;False;False;0.999;0.001
core-dictionary\src\main\java\org\apache\kylin\dict\lookup\snapshotcli.java;False;False;0.998;0.002
core-dictionary\src\main\java\org\apache\kylin\dict\lookup\snapshotmanager.java;True;False;0.994;0.006
core-dictionary\src\main\java\org\apache\kylin\dict\lookup\snapshottable.java;False;False;0.995;0.005
core-dictionary\src\main\java\org\apache\kylin\dict\lookup\snapshottableserializer.java;False;False;0.997;0.003
core-dictionary\src\main\java\org\apache\kylin\dict\lookup\cache\rocksdblookupbuilder.java;False;False;1.0;0.0
core-dictionary\src\main\java\org\apache\kylin\dict\lookup\cache\rocksdblookuprowencoder.java;False;False;1.0;0.0
core-dictionary\src\main\java\org\apache\kylin\dict\lookup\cache\rocksdblookuprowencoder.java;False;False;1.0;0.0
core-dictionary\src\main\java\org\apache\kylin\dict\lookup\cache\rocksdblookuptable.java;False;False;1.0;0.0
core-dictionary\src\main\java\org\apache\kylin\dict\lookup\cache\rocksdblookuptablecache.java;False;False;0.999;0.001
core-dictionary\src\main\java\org\apache\kylin\dict\lookup\cache\rocksdblookuptablecache.java;False;False;0.958;0.042
core-dictionary\src\main\java\org\apache\kylin\dict\lookup\cache\rocksdblookuptablecache.java;False;False;0.998;0.002
core-dictionary\src\main\java\org\apache\kylin\dict\lookup\cache\rocksdblookuptablecache.java;False;False;0.994;0.006
core-dictionary\src\test\java\org\apache\kylin\dict\appendtriedictionarytest.java;False;False;0.995;0.005
core-dictionary\src\test\java\org\apache\kylin\dict\appendtriedictionarytest.java;False;False;0.999;0.001
core-dictionary\src\test\java\org\apache\kylin\dict\appendtriedictionarytest.java;False;False;0.999;0.001
core-dictionary\src\test\java\org\apache\kylin\dict\datestrdictionarytest.java;False;False;1.0;0.0
core-dictionary\src\test\java\org\apache\kylin\dict\dictionarymanagertest.java;False;False;1.0;0.0
core-dictionary\src\test\java\org\apache\kylin\dict\dictionaryprovidertest.java;False;False;1.0;0.0
core-dictionary\src\test\java\org\apache\kylin\dict\mockupreadabletable.java;False;False;0.999;0.001
core-dictionary\src\test\java\org\apache\kylin\dict\multipledictionaryvalueenumeratortest.java;False;False;0.998;0.002
core-dictionary\src\test\java\org\apache\kylin\dict\multipledictionaryvalueenumeratortest.java;False;False;0.999;0.001
core-dictionary\src\test\java\org\apache\kylin\dict\numberdictionarytest.java;False;False;0.998;0.002
core-dictionary\src\test\java\org\apache\kylin\dict\shrunkendictionarytest.java;False;False;0.995;0.005
core-dictionary\src\test\java\org\apache\kylin\dict\timestrdictionarytest.java;False;False;1.0;0.0
core-dictionary\src\test\java\org\apache\kylin\dict\triedictionaryforestbenchmark.java;False;False;1.0;0.0
core-dictionary\src\test\java\org\apache\kylin\dict\triedictionaryforesttest.java;False;False;0.999;0.001
core-dictionary\src\test\java\org\apache\kylin\dict\triedictionaryforesttest.java;False;False;0.99;0.01
core-dictionary\src\test\java\org\apache\kylin\dict\triedictionarytest.java;False;False;1.0;0.0
core-dictionary\src\test\java\org\apache\kylin\dict\triedictionarytest.java;False;False;0.999;0.001
core-dictionary\src\test\java\org\apache\kylin\dict\lookup\lookuptabletest.java;False;False;1.0;0.0
core-dictionary\src\test\java\org\apache\kylin\dict\lookup\snapshotmanagertest.java;False;False;0.999;0.001
core-dictionary\src\test\java\org\apache\kylin\dict\lookup\cache\rocksdblookuprowencodertest.java;False;False;1.0;0.0
core-dictionary\src\test\java\org\apache\kylin\dict\lookup\cache\rocksdblookuptablecachetest.java;False;False;0.999;0.001
core-dictionary\src\test\java\org\apache\kylin\dict\lookup\cache\rocksdblookuptablecachetest.java;False;False;0.999;0.001
core-dictionary\src\test\java\org\apache\kylin\dict\lookup\cache\rocksdblookuptabletest.java;False;False;0.998;0.002
core-job\src\main\java\org\apache\kylin\engine\enginefactory.java;False;False;1.0;0.0
core-job\src\main\java\org\apache\kylin\engine\ibatchcubingengine.java;False;False;1.0;0.0
core-job\src\main\java\org\apache\kylin\job\jobinstance.java;False;True;0.449;0.551
core-job\src\main\java\org\apache\kylin\job\jobinstance.java;False;True;0.495;0.505
core-job\src\main\java\org\apache\kylin\job\jobsearchresult.java;False;False;0.962;0.038
core-job\src\main\java\org\apache\kylin\job\joinedflattable.java;False;True;0.371;0.629
core-job\src\main\java\org\apache\kylin\job\joinedformatter.java;False;False;0.816;0.184
core-job\src\main\java\org\apache\kylin\job\scheduler.java;False;False;0.997;0.003
core-job\src\main\java\org\apache\kylin\job\schedulerfactory.java;False;False;1.0;0.0
core-job\src\main\java\org\apache\kylin\job\common\patternedlogger.java;False;False;0.999;0.001
core-job\src\main\java\org\apache\kylin\job\common\shellexecutable.java;False;False;0.991;0.009
core-job\src\main\java\org\apache\kylin\job\constant\executableconstants.java;False;False;0.994;0.006
core-job\src\main\java\org\apache\kylin\job\constant\jobstatusenum.java;False;False;0.998;0.002
core-job\src\main\java\org\apache\kylin\job\constant\jobstepcmdtypeenum.java;False;False;1.0;0.0
core-job\src\main\java\org\apache\kylin\job\constant\jobstepstatusenum.java;False;False;0.996;0.004
core-job\src\main\java\org\apache\kylin\job\constant\jobtimefilterenum.java;False;False;1.0;0.0
core-job\src\main\java\org\apache\kylin\job\dao\executabledao.java;False;False;1.0;0.0
core-job\src\main\java\org\apache\kylin\job\dao\executabledao.java;False;False;0.999;0.001
core-job\src\main\java\org\apache\kylin\job\dao\executabledao.java;False;False;0.999;0.001
core-job\src\main\java\org\apache\kylin\job\dao\executabledao.java;False;False;0.998;0.002
core-job\src\main\java\org\apache\kylin\job\dao\executableoutputpo.java;False;False;0.998;0.002
core-job\src\main\java\org\apache\kylin\job\dao\executablepo.java;False;False;0.997;0.003
core-job\src\main\java\org\apache\kylin\job\engine\jobengineconfig.java;False;False;0.98;0.02
core-job\src\main\java\org\apache\kylin\job\exception\executeexception.java;False;False;1.0;0.0
core-job\src\main\java\org\apache\kylin\job\exception\illegalstatetranferexception.java;False;False;1.0;0.0
core-job\src\main\java\org\apache\kylin\job\exception\jobexception.java;False;False;1.0;0.0
core-job\src\main\java\org\apache\kylin\job\exception\lockexception.java;False;False;1.0;0.0
core-job\src\main\java\org\apache\kylin\job\exception\persistentexception.java;False;False;1.0;0.0
core-job\src\main\java\org\apache\kylin\job\exception\schedulerexception.java;False;False;1.0;0.0
core-job\src\main\java\org\apache\kylin\job\exception\shellexception.java;False;False;1.0;0.0
core-job\src\main\java\org\apache\kylin\job\execution\abstractexecutable.java;False;False;0.937;0.063
core-job\src\main\java\org\apache\kylin\job\execution\brokenexecutable.java;False;False;1.0;0.0
core-job\src\main\java\org\apache\kylin\job\execution\chainedexecutable.java;False;False;1.0;0.0
core-job\src\main\java\org\apache\kylin\job\execution\checkpointexecutable.java;False;False;1.0;0.0
core-job\src\main\java\org\apache\kylin\job\execution\defaultchainedexecutable.java;False;False;0.992;0.008
core-job\src\main\java\org\apache\kylin\job\execution\defaultoutput.java;False;False;1.0;0.0
core-job\src\main\java\org\apache\kylin\job\execution\executable.java;False;False;1.0;0.0
core-job\src\main\java\org\apache\kylin\job\execution\executablecontext.java;False;False;1.0;0.0
core-job\src\main\java\org\apache\kylin\job\execution\executablemanager.java;False;False;0.98;0.02
core-job\src\main\java\org\apache\kylin\job\execution\executablestate.java;False;False;0.999;0.001
core-job\src\main\java\org\apache\kylin\job\execution\executeresult.java;False;False;0.999;0.001
core-job\src\main\java\org\apache\kylin\job\execution\idempotent.java;False;False;1.0;0.0
core-job\src\main\java\org\apache\kylin\job\execution\output.java;False;False;1.0;0.0
core-job\src\main\java\org\apache\kylin\job\impl\curator\curatorleaderselector.java;False;False;0.999;0.001
core-job\src\main\java\org\apache\kylin\job\impl\curator\curatorscheduler.java;False;False;0.997;0.003
core-job\src\main\java\org\apache\kylin\job\impl\curator\curatorscheduler.java;False;False;0.996;0.004
core-job\src\main\java\org\apache\kylin\job\impl\threadpool\defaultcontext.java;False;False;0.999;0.001
core-job\src\main\java\org\apache\kylin\job\impl\threadpool\defaultfetcherrunner.java;True;False;0.99;0.01
core-job\src\main\java\org\apache\kylin\job\impl\threadpool\defaultscheduler.java;False;False;0.993;0.007
core-job\src\main\java\org\apache\kylin\job\impl\threadpool\defaultscheduler.java;False;False;0.994;0.006
core-job\src\main\java\org\apache\kylin\job\impl\threadpool\distributedscheduler.java;False;False;0.997;0.003
core-job\src\main\java\org\apache\kylin\job\impl\threadpool\distributedscheduler.java;False;False;1.0;0.0
core-job\src\main\java\org\apache\kylin\job\impl\threadpool\distributedscheduler.java;False;False;0.998;0.002
core-job\src\main\java\org\apache\kylin\job\impl\threadpool\fetcherrunner.java;False;False;0.985;0.015
core-job\src\main\java\org\apache\kylin\job\impl\threadpool\jobexecutor.java;False;False;0.999;0.001
core-job\src\main\java\org\apache\kylin\job\impl\threadpool\noopscheduler.java;False;False;0.969;0.031
core-job\src\main\java\org\apache\kylin\job\impl\threadpool\priorityfetcherrunner.java;True;False;0.928;0.072
core-job\src\main\java\org\apache\kylin\job\lock\joblock.java;False;False;1.0;0.0
core-job\src\main\java\org\apache\kylin\job\lock\mockjoblock.java;False;False;1.0;0.0
core-job\src\main\java\org\apache\kylin\job\lock\zookeeper\zookeeperdistributedlock.java;False;False;0.543;0.457
core-job\src\main\java\org\apache\kylin\job\lock\zookeeper\zookeeperdistributedlock.java;False;True;0.454;0.546
core-job\src\main\java\org\apache\kylin\job\lock\zookeeper\zookeeperdistributedlock.java;False;False;0.519;0.481
core-job\src\main\java\org\apache\kylin\job\lock\zookeeper\zookeeperdistributedlock.java;False;False;0.529;0.471
core-job\src\main\java\org\apache\kylin\job\lock\zookeeper\zookeeperdistributedlock.java;False;True;0.478;0.522
core-job\src\main\java\org\apache\kylin\job\lock\zookeeper\zookeeperdistributedlock.java;False;False;0.53;0.47
core-job\src\main\java\org\apache\kylin\job\lock\zookeeper\zookeeperjoblock.java;False;False;0.858;0.142
core-job\src\main\java\org\apache\kylin\job\lock\zookeeper\exception\zkacquirelockexception.java;False;False;1.0;0.0
core-job\src\main\java\org\apache\kylin\job\lock\zookeeper\exception\zkpeeklockexception.java;False;False;1.0;0.0
core-job\src\main\java\org\apache\kylin\job\lock\zookeeper\exception\zkpeeklockinterruptexception.java;False;False;1.0;0.0
core-job\src\main\java\org\apache\kylin\job\lock\zookeeper\exception\zkreleaselockexception.java;False;False;1.0;0.0
core-job\src\main\java\org\apache\kylin\job\lock\zookeeper\exception\zkreleaselockinterruptexception.java;False;False;1.0;0.0
core-job\src\main\java\org\apache\kylin\job\metrics\jobmetricsfacade.java;False;False;0.997;0.003
core-job\src\main\java\org\apache\kylin\job\metrics\jobmetricsfacade.java;False;False;1.0;0.0
core-job\src\main\java\org\apache\kylin\job\util\flattablesqlquoteutils.java;False;False;0.993;0.007
core-job\src\main\java\org\apache\kylin\job\util\mailnotificationutil.java;False;False;1.0;0.0
core-job\src\main\java\org\apache\kylin\job\util\throwableutils.java;False;False;0.999;0.001
core-job\src\test\java\org\apache\kylin\job\basetestexecutable.java;False;False;1.0;0.0
core-job\src\test\java\org\apache\kylin\job\basiclocalmetatest.java;False;False;1.0;0.0
core-job\src\test\java\org\apache\kylin\job\errortestexecutable.java;False;False;0.996;0.004
core-job\src\test\java\org\apache\kylin\job\executablemanagertest.java;False;False;1.0;0.0
core-job\src\test\java\org\apache\kylin\job\failedtestexecutable.java;False;False;1.0;0.0
core-job\src\test\java\org\apache\kylin\job\fivesecondsucceedtestexecutable.java;False;False;1.0;0.0
core-job\src\test\java\org\apache\kylin\job\jobengineconfigtest.java;False;False;1.0;0.0
core-job\src\test\java\org\apache\kylin\job\joinedflattabletest.java;False;False;1.0;0.0
core-job\src\test\java\org\apache\kylin\job\joinedformattertest.java;False;False;0.963;0.037
core-job\src\test\java\org\apache\kylin\job\noerrorstatusexecutable.java;False;False;1.0;0.0
core-job\src\test\java\org\apache\kylin\job\persistexceptionexecutable.java;False;False;1.0;0.0
core-job\src\test\java\org\apache\kylin\job\runningtestexecutable.java;False;False;0.995;0.005
core-job\src\test\java\org\apache\kylin\job\selfstopexecutable.java;False;False;0.998;0.002
core-job\src\test\java\org\apache\kylin\job\succeedtestexecutable.java;False;False;0.992;0.008
core-job\src\test\java\org\apache\kylin\job\impl\curator\curatorleaderselectortest.java;False;False;1.0;0.0
core-job\src\test\java\org\apache\kylin\job\impl\curator\curatorschedulertest.java;False;False;1.0;0.0
core-job\src\test\java\org\apache\kylin\job\impl\curator\exampleserver.java;False;False;1.0;0.0
core-job\src\test\java\org\apache\kylin\job\impl\threadpool\baseschedulertest.java;False;False;1.0;0.0
core-job\src\test\java\org\apache\kylin\job\impl\threadpool\defaultschedulertest.java;False;False;0.984;0.016
core-job\src\test\java\org\apache\kylin\job\lock\zookeeper\zookeeperdistributedlocktest.java;False;False;0.978;0.022
core-job\src\test\java\org\apache\kylin\job\util\flattablesqlquoteutilstest.java;False;False;1.0;0.0
core-job\src\test\java\org\apache\kylin\job\util\mailnotificationutiltest.java;False;False;1.0;0.0
core-metadata\src\main\java\org\apache\kylin\dimension\abstractdatedimenc.java;False;False;0.998;0.002
core-metadata\src\main\java\org\apache\kylin\dimension\abstractdatedimenc.java;False;False;1.0;0.0
core-metadata\src\main\java\org\apache\kylin\dimension\booleandimenc.java;False;False;1.0;0.0
core-metadata\src\main\java\org\apache\kylin\dimension\booleandimenc.java;False;False;1.0;0.0
core-metadata\src\main\java\org\apache\kylin\dimension\booleandimenc.java;False;False;1.0;0.0
core-metadata\src\main\java\org\apache\kylin\dimension\datedimenc.java;False;False;1.0;0.0
core-metadata\src\main\java\org\apache\kylin\dimension\datedimenc.java;False;False;1.0;0.0
core-metadata\src\main\java\org\apache\kylin\dimension\datedimenc.java;False;False;1.0;0.0
core-metadata\src\main\java\org\apache\kylin\dimension\dictionarydimenc.java;False;False;1.0;0.0
core-metadata\src\main\java\org\apache\kylin\dimension\dictionarydimenc.java;False;False;1.0;0.0
core-metadata\src\main\java\org\apache\kylin\dimension\dimensionencoding.java;False;False;1.0;0.0
core-metadata\src\main\java\org\apache\kylin\dimension\dimensionencodingfactory.java;False;False;0.993;0.007
core-metadata\src\main\java\org\apache\kylin\dimension\fixedlendimenc.java;False;False;1.0;0.0
core-metadata\src\main\java\org\apache\kylin\dimension\fixedlendimenc.java;False;False;1.0;0.0
core-metadata\src\main\java\org\apache\kylin\dimension\fixedlendimenc.java;False;False;1.0;0.0
core-metadata\src\main\java\org\apache\kylin\dimension\fixedlenhexdimenc.java;False;False;0.998;0.002
core-metadata\src\main\java\org\apache\kylin\dimension\fixedlenhexdimenc.java;False;False;0.998;0.002
core-metadata\src\main\java\org\apache\kylin\dimension\fixedlenhexdimenc.java;False;False;1.0;0.0
core-metadata\src\main\java\org\apache\kylin\dimension\idimensionencodingmap.java;False;False;1.0;0.0
core-metadata\src\main\java\org\apache\kylin\dimension\intdimenc.java;False;False;1.0;0.0
core-metadata\src\main\java\org\apache\kylin\dimension\intdimenc.java;False;False;0.997;0.003
core-metadata\src\main\java\org\apache\kylin\dimension\intdimenc.java;False;False;1.0;0.0
core-metadata\src\main\java\org\apache\kylin\dimension\integerdimenc.java;False;False;1.0;0.0
core-metadata\src\main\java\org\apache\kylin\dimension\integerdimenc.java;False;False;1.0;0.0
core-metadata\src\main\java\org\apache\kylin\dimension\integerdimenc.java;False;False;1.0;0.0
core-metadata\src\main\java\org\apache\kylin\dimension\onemorebytevlongdimenc.java;False;False;1.0;0.0
core-metadata\src\main\java\org\apache\kylin\dimension\onemorebytevlongdimenc.java;False;False;1.0;0.0
core-metadata\src\main\java\org\apache\kylin\dimension\onemorebytevlongdimenc.java;False;False;1.0;0.0
core-metadata\src\main\java\org\apache\kylin\dimension\timederivedcolumntype.java;False;False;0.996;0.004
core-metadata\src\main\java\org\apache\kylin\dimension\timedimenc.java;False;False;1.0;0.0
core-metadata\src\main\java\org\apache\kylin\dimension\timedimenc.java;False;False;1.0;0.0
core-metadata\src\main\java\org\apache\kylin\exception\queryoncubeexception.java;False;False;0.993;0.007
core-metadata\src\main\java\org\apache\kylin\measure\bufferedmeasurecodec.java;False;False;0.999;0.001
core-metadata\src\main\java\org\apache\kylin\measure\measureaggregator.java;False;False;0.999;0.001
core-metadata\src\main\java\org\apache\kylin\measure\measureaggregators.java;False;False;0.999;0.001
core-metadata\src\main\java\org\apache\kylin\measure\measurecodec.java;False;False;0.999;0.001
core-metadata\src\main\java\org\apache\kylin\measure\measureingester.java;False;False;1.0;0.0
core-metadata\src\main\java\org\apache\kylin\measure\measuretype.java;False;False;0.997;0.003
core-metadata\src\main\java\org\apache\kylin\measure\measuretype.java;False;False;0.965;0.035
core-metadata\src\main\java\org\apache\kylin\measure\measuretypefactory.java;False;False;0.997;0.003
core-metadata\src\main\java\org\apache\kylin\measure\measuretypefactory.java;False;False;1.0;0.0
core-metadata\src\main\java\org\apache\kylin\measure\paramasmeasurecount.java;False;False;1.0;0.0
core-metadata\src\main\java\org\apache\kylin\measure\basic\basicmeasuretype.java;False;False;0.998;0.002
core-metadata\src\main\java\org\apache\kylin\measure\basic\basicmeasuretype.java;False;False;0.999;0.001
core-metadata\src\main\java\org\apache\kylin\measure\basic\bigdecimalingester.java;False;False;1.0;0.0
core-metadata\src\main\java\org\apache\kylin\measure\basic\bigdecimalmaxaggregator.java;False;False;1.0;0.0
core-metadata\src\main\java\org\apache\kylin\measure\basic\bigdecimalminaggregator.java;False;False;0.999;0.001
core-metadata\src\main\java\org\apache\kylin\measure\basic\bigdecimalsumaggregator.java;False;False;1.0;0.0
core-metadata\src\main\java\org\apache\kylin\measure\basic\doubleingester.java;False;False;1.0;0.0
core-metadata\src\main\java\org\apache\kylin\measure\basic\doublemaxaggregator.java;False;False;1.0;0.0
core-metadata\src\main\java\org\apache\kylin\measure\basic\doubleminaggregator.java;False;False;1.0;0.0
core-metadata\src\main\java\org\apache\kylin\measure\basic\doublesumaggregator.java;False;False;1.0;0.0
core-metadata\src\main\java\org\apache\kylin\measure\basic\longingester.java;False;False;1.0;0.0
core-metadata\src\main\java\org\apache\kylin\measure\basic\longmaxaggregator.java;False;False;1.0;0.0
core-metadata\src\main\java\org\apache\kylin\measure\basic\longminaggregator.java;False;False;1.0;0.0
core-metadata\src\main\java\org\apache\kylin\measure\basic\longsumaggregator.java;False;False;1.0;0.0
core-metadata\src\main\java\org\apache\kylin\measure\bitmap\bitmapaggregator.java;False;False;1.0;0.0
core-metadata\src\main\java\org\apache\kylin\measure\bitmap\bitmapcounter.java;False;False;0.986;0.014
core-metadata\src\main\java\org\apache\kylin\measure\bitmap\bitmapcounterfactory.java;False;False;0.999;0.001
core-metadata\src\main\java\org\apache\kylin\measure\bitmap\bitmapdistinctcountaggfunc.java;False;False;0.999;0.001
core-metadata\src\main\java\org\apache\kylin\measure\bitmap\bitmapintersectdistinctcountaggfunc.java;False;False;1.0;0.0
core-metadata\src\main\java\org\apache\kylin\measure\bitmap\bitmapintersectdistinctcountaggfunc.java;False;False;1.0;0.0
core-metadata\src\main\java\org\apache\kylin\measure\bitmap\bitmapmeasuretype.java;False;False;1.0;0.0
core-metadata\src\main\java\org\apache\kylin\measure\bitmap\bitmapmeasuretype.java;False;False;1.0;0.0
core-metadata\src\main\java\org\apache\kylin\measure\bitmap\bitmapserializer.java;False;False;0.999;0.001
core-metadata\src\main\java\org\apache\kylin\measure\bitmap\roaringbitmapcounter.java;False;False;0.996;0.004
core-metadata\src\main\java\org\apache\kylin\measure\bitmap\roaringbitmapcounterfactory.java;False;False;1.0;0.0
core-metadata\src\main\java\org\apache\kylin\measure\dim\dimcountdistincserializer.java;False;False;0.997;0.003
core-metadata\src\main\java\org\apache\kylin\measure\dim\dimcountdistinctaggfunc.java;False;False;1.0;0.0
core-metadata\src\main\java\org\apache\kylin\measure\dim\dimcountdistinctaggregator.java;False;False;0.982;0.018
core-metadata\src\main\java\org\apache\kylin\measure\dim\dimcountdistinctcounter.java;False;False;1.0;0.0
core-metadata\src\main\java\org\apache\kylin\measure\dim\dimcountdistinctmeasuretype.java;False;False;1.0;0.0
core-metadata\src\main\java\org\apache\kylin\measure\dim\dimcountdistinctmeasuretype.java;False;False;1.0;0.0
core-metadata\src\main\java\org\apache\kylin\measure\extendedcolumn\extendedcolumnmeasuretype.java;False;False;0.999;0.001
core-metadata\src\main\java\org\apache\kylin\measure\extendedcolumn\extendedcolumnmeasuretype.java;False;False;1.0;0.0
core-metadata\src\main\java\org\apache\kylin\measure\extendedcolumn\extendedcolumnserializer.java;False;False;1.0;0.0
core-metadata\src\main\java\org\apache\kylin\measure\hllc\denseregister.java;False;False;1.0;0.0
core-metadata\src\main\java\org\apache\kylin\measure\hllc\hllcaggregator.java;False;False;1.0;0.0
core-metadata\src\main\java\org\apache\kylin\measure\hllc\hllcmeasuretype.java;False;False;1.0;0.0
core-metadata\src\main\java\org\apache\kylin\measure\hllc\hllcmeasuretype.java;False;False;1.0;0.0
core-metadata\src\main\java\org\apache\kylin\measure\hllc\hllcserializer.java;False;False;0.996;0.004
core-metadata\src\main\java\org\apache\kylin\measure\hllc\hllcounter.java;False;False;0.99;0.01
core-metadata\src\main\java\org\apache\kylin\measure\hllc\hllcounter.java;False;False;0.991;0.009
core-metadata\src\main\java\org\apache\kylin\measure\hllc\hllcounterold.java;False;False;0.972;0.028
core-metadata\src\main\java\org\apache\kylin\measure\hllc\hllcounterold.java;False;False;0.962;0.038
core-metadata\src\main\java\org\apache\kylin\measure\hllc\hlldistinctcountaggfunc.java;False;False;1.0;0.0
core-metadata\src\main\java\org\apache\kylin\measure\hllc\hlldistinctcountaggfunc.java;False;False;1.0;0.0
core-metadata\src\main\java\org\apache\kylin\measure\hllc\hyperloglogplustable.java;False;False;0.968;0.032
core-metadata\src\main\java\org\apache\kylin\measure\hllc\register.java;False;False;0.998;0.002
core-metadata\src\main\java\org\apache\kylin\measure\hllc\registertype.java;False;False;1.0;0.0
core-metadata\src\main\java\org\apache\kylin\measure\hllc\singlevalueregister.java;False;False;1.0;0.0
core-metadata\src\main\java\org\apache\kylin\measure\hllc\sparseregister.java;False;False;1.0;0.0
core-metadata\src\main\java\org\apache\kylin\measure\percentile\percentileaggfunc.java;False;False;0.997;0.003
core-metadata\src\main\java\org\apache\kylin\measure\percentile\percentileaggregator.java;False;False;1.0;0.0
core-metadata\src\main\java\org\apache\kylin\measure\percentile\percentilecounter.java;False;False;0.997;0.003
core-metadata\src\main\java\org\apache\kylin\measure\percentile\percentilemeasuretype.java;False;False;1.0;0.0
core-metadata\src\main\java\org\apache\kylin\measure\percentile\percentilemeasuretype.java;False;False;1.0;0.0
core-metadata\src\main\java\org\apache\kylin\measure\percentile\percentileserializer.java;False;False;0.999;0.001
core-metadata\src\main\java\org\apache\kylin\measure\raw\rawaggregator.java;False;False;1.0;0.0
core-metadata\src\main\java\org\apache\kylin\measure\raw\rawmeasuretype.java;False;False;1.0;0.0
core-metadata\src\main\java\org\apache\kylin\measure\raw\rawmeasuretype.java;False;False;0.999;0.001
core-metadata\src\main\java\org\apache\kylin\measure\raw\rawserializer.java;False;False;1.0;0.0
core-metadata\src\main\java\org\apache\kylin\measure\topn\counter.java;False;False;1.0;0.0
core-metadata\src\main\java\org\apache\kylin\measure\topn\doubledeltaserializer.java;False;False;0.999;0.001
core-metadata\src\main\java\org\apache\kylin\measure\topn\topnaggregator.java;False;False;1.0;0.0
core-metadata\src\main\java\org\apache\kylin\measure\topn\topncounter.java;False;False;0.997;0.003
core-metadata\src\main\java\org\apache\kylin\measure\topn\topncounterserializer.java;False;False;0.998;0.002
core-metadata\src\main\java\org\apache\kylin\measure\topn\topnmeasuretype.java;True;False;0.998;0.002
core-metadata\src\main\java\org\apache\kylin\measure\topn\topnmeasuretype.java;True;False;1.0;0.0
core-metadata\src\main\java\org\apache\kylin\measure\topn\topnmeasuretype.java;True;False;0.997;0.003
core-metadata\src\main\java\org\apache\kylin\metadata\metadataconstants.java;False;False;1.0;0.0
core-metadata\src\main\java\org\apache\kylin\metadata\modifiedorder.java;False;False;1.0;0.0
core-metadata\src\main\java\org\apache\kylin\metadata\tablemetadatamanager.java;False;False;0.987;0.013
core-metadata\src\main\java\org\apache\kylin\metadata\tablemetadatamanager.java;False;False;0.998;0.002
core-metadata\src\main\java\org\apache\kylin\metadata\tablemetadatamanager.java;False;False;0.971;0.029
core-metadata\src\main\java\org\apache\kylin\metadata\tablemetadatamanager.java;False;False;0.987;0.013
core-metadata\src\main\java\org\apache\kylin\metadata\tempstatementmanager.java;False;False;0.988;0.012
core-metadata\src\main\java\org\apache\kylin\metadata\tempstatementmanager.java;False;False;0.998;0.002
core-metadata\src\main\java\org\apache\kylin\metadata\tempstatementmanager.java;False;False;0.997;0.003
core-metadata\src\main\java\org\apache\kylin\metadata\tempstatementmanager.java;False;False;0.997;0.003
core-metadata\src\main\java\org\apache\kylin\metadata\acl\tableacl.java;False;False;0.995;0.005
core-metadata\src\main\java\org\apache\kylin\metadata\acl\tableacl.java;False;False;0.999;0.001
core-metadata\src\main\java\org\apache\kylin\metadata\acl\tableacl.java;False;False;1.0;0.0
core-metadata\src\main\java\org\apache\kylin\metadata\acl\tableaclmanager.java;False;False;0.998;0.002
core-metadata\src\main\java\org\apache\kylin\metadata\acl\tableaclmanager.java;False;False;0.998;0.002
core-metadata\src\main\java\org\apache\kylin\metadata\acl\tableaclmanager.java;False;False;1.0;0.0
core-metadata\src\main\java\org\apache\kylin\metadata\acl\usergroup.java;False;False;1.0;0.0
core-metadata\src\main\java\org\apache\kylin\metadata\badquery\badqueryentry.java;False;False;1.0;0.0
core-metadata\src\main\java\org\apache\kylin\metadata\badquery\badqueryhistory.java;False;False;1.0;0.0
core-metadata\src\main\java\org\apache\kylin\metadata\badquery\badqueryhistorymanager.java;False;False;0.998;0.002
core-metadata\src\main\java\org\apache\kylin\metadata\cachesync\abstractcache.java;False;False;0.998;0.002
core-metadata\src\main\java\org\apache\kylin\metadata\cachesync\broadcaster.java;False;False;0.988;0.012
core-metadata\src\main\java\org\apache\kylin\metadata\cachesync\broadcaster.java;False;False;0.997;0.003
core-metadata\src\main\java\org\apache\kylin\metadata\cachesync\broadcaster.java;False;False;0.994;0.006
core-metadata\src\main\java\org\apache\kylin\metadata\cachesync\broadcaster.java;False;False;0.999;0.001
core-metadata\src\main\java\org\apache\kylin\metadata\cachesync\broadcaster.java;False;False;0.997;0.003
core-metadata\src\main\java\org\apache\kylin\metadata\cachesync\cachedcrudassist.java;False;False;0.989;0.011
core-metadata\src\main\java\org\apache\kylin\metadata\cachesync\caseinsensitivestringcache.java;False;False;1.0;0.0
core-metadata\src\main\java\org\apache\kylin\metadata\cachesync\singlevaluecache.java;False;False;0.986;0.014
core-metadata\src\main\java\org\apache\kylin\metadata\datatype\bigdecimalserializer.java;False;False;1.0;0.0
core-metadata\src\main\java\org\apache\kylin\metadata\datatype\booleanserializer.java;False;False;1.0;0.0
core-metadata\src\main\java\org\apache\kylin\metadata\datatype\datatype.java;False;False;0.995;0.005
core-metadata\src\main\java\org\apache\kylin\metadata\datatype\datatypeorder.java;False;False;1.0;0.0
core-metadata\src\main\java\org\apache\kylin\metadata\datatype\datatypeorder.java;False;False;0.997;0.003
core-metadata\src\main\java\org\apache\kylin\metadata\datatype\datatypeorder.java;False;False;1.0;0.0
core-metadata\src\main\java\org\apache\kylin\metadata\datatype\datatypeorder.java;False;False;1.0;0.0
core-metadata\src\main\java\org\apache\kylin\metadata\datatype\datatypeorder.java;False;False;1.0;0.0
core-metadata\src\main\java\org\apache\kylin\metadata\datatype\datatypeorder.java;False;False;1.0;0.0
core-metadata\src\main\java\org\apache\kylin\metadata\datatype\datatypeorder.java;False;False;1.0;0.0
core-metadata\src\main\java\org\apache\kylin\metadata\datatype\datatypeserializer.java;False;False;0.999;0.001
core-metadata\src\main\java\org\apache\kylin\metadata\datatype\datetimeserializer.java;False;False;1.0;0.0
core-metadata\src\main\java\org\apache\kylin\metadata\datatype\doublemutable.java;False;False;1.0;0.0
core-metadata\src\main\java\org\apache\kylin\metadata\datatype\doubleserializer.java;False;False;1.0;0.0
core-metadata\src\main\java\org\apache\kylin\metadata\datatype\dynamicdimserializer.java;False;False;0.999;0.001
core-metadata\src\main\java\org\apache\kylin\metadata\datatype\int4serializer.java;False;False;1.0;0.0
core-metadata\src\main\java\org\apache\kylin\metadata\datatype\intmutable.java;False;False;1.0;0.0
core-metadata\src\main\java\org\apache\kylin\metadata\datatype\long8serializer.java;False;False;1.0;0.0
core-metadata\src\main\java\org\apache\kylin\metadata\datatype\longmutable.java;False;False;1.0;0.0
core-metadata\src\main\java\org\apache\kylin\metadata\datatype\longserializer.java;False;False;1.0;0.0
core-metadata\src\main\java\org\apache\kylin\metadata\datatype\stringserializer.java;False;False;0.999;0.001
core-metadata\src\main\java\org\apache\kylin\metadata\draft\draft.java;False;False;0.939;0.061
core-metadata\src\main\java\org\apache\kylin\metadata\draft\draftmanager.java;False;False;0.97;0.03
core-metadata\src\main\java\org\apache\kylin\metadata\expression\binarytupleexpression.java;False;False;0.997;0.003
core-metadata\src\main\java\org\apache\kylin\metadata\expression\casetupleexpression.java;False;False;0.999;0.001
core-metadata\src\main\java\org\apache\kylin\metadata\expression\columntupleexpression.java;False;False;1.0;0.0
core-metadata\src\main\java\org\apache\kylin\metadata\expression\expressioncolcollector.java;False;False;0.999;0.001
core-metadata\src\main\java\org\apache\kylin\metadata\expression\expressioncountdistributor.java;False;False;1.0;0.0
core-metadata\src\main\java\org\apache\kylin\metadata\expression\expressionvisitor.java;False;False;0.994;0.006
core-metadata\src\main\java\org\apache\kylin\metadata\expression\nonetupleexpression.java;False;False;1.0;0.0
core-metadata\src\main\java\org\apache\kylin\metadata\expression\numbertupleexpression.java;False;False;1.0;0.0
core-metadata\src\main\java\org\apache\kylin\metadata\expression\rexcalltupleexpression.java;False;False;1.0;0.0
core-metadata\src\main\java\org\apache\kylin\metadata\expression\stringtupleexpression.java;False;False;0.999;0.001
core-metadata\src\main\java\org\apache\kylin\metadata\expression\tupleexpression.java;False;False;0.995;0.005
core-metadata\src\main\java\org\apache\kylin\metadata\expression\tupleexpressionserializer.java;False;False;0.997;0.003
core-metadata\src\main\java\org\apache\kylin\metadata\expression\tupleexpressionserializer.java;False;False;1.0;0.0
core-metadata\src\main\java\org\apache\kylin\metadata\expression\tupleexpressionserializer.java;False;False;0.993;0.007
core-metadata\src\main\java\org\apache\kylin\metadata\filter\builtinfunctiontuplefilter.java;False;False;0.995;0.005
core-metadata\src\main\java\org\apache\kylin\metadata\filter\casetuplefilter.java;False;False;0.999;0.001
core-metadata\src\main\java\org\apache\kylin\metadata\filter\columntuplefilter.java;False;False;1.0;0.0
core-metadata\src\main\java\org\apache\kylin\metadata\filter\comparetuplefilter.java;False;False;0.968;0.032
core-metadata\src\main\java\org\apache\kylin\metadata\filter\constanttuplefilter.java;False;False;0.997;0.003
core-metadata\src\main\java\org\apache\kylin\metadata\filter\dynamictuplefilter.java;False;False;1.0;0.0
core-metadata\src\main\java\org\apache\kylin\metadata\filter\extracttuplefilter.java;False;False;0.998;0.002
core-metadata\src\main\java\org\apache\kylin\metadata\filter\filtercodesystemfactory.java;False;False;1.0;0.0
core-metadata\src\main\java\org\apache\kylin\metadata\filter\filtercodesystemfactory.java;False;False;1.0;0.0
core-metadata\src\main\java\org\apache\kylin\metadata\filter\filtercodesystemfactory.java;False;False;1.0;0.0
core-metadata\src\main\java\org\apache\kylin\metadata\filter\filteroptimizetransformer.java;False;False;0.998;0.002
core-metadata\src\main\java\org\apache\kylin\metadata\filter\functiontuplefilter.java;False;False;0.999;0.001
core-metadata\src\main\java\org\apache\kylin\metadata\filter\ifiltercodesystem.java;False;False;1.0;0.0
core-metadata\src\main\java\org\apache\kylin\metadata\filter\ioptimizeabletuplefilter.java;False;False;1.0;0.0
core-metadata\src\main\java\org\apache\kylin\metadata\filter\ituplefiltertransformer.java;False;False;1.0;0.0
core-metadata\src\main\java\org\apache\kylin\metadata\filter\logicaltuplefilter.java;False;False;0.985;0.015
core-metadata\src\main\java\org\apache\kylin\metadata\filter\stringcodesystem.java;False;False;1.0;0.0
core-metadata\src\main\java\org\apache\kylin\metadata\filter\timeconditionliteralsreplacer.java;False;False;1.0;0.0
core-metadata\src\main\java\org\apache\kylin\metadata\filter\tsconditioneraser.java;False;False;1.0;0.0
core-metadata\src\main\java\org\apache\kylin\metadata\filter\tuplefilter.java;False;False;0.993;0.007
core-metadata\src\main\java\org\apache\kylin\metadata\filter\tuplefilterserializer.java;False;False;0.992;0.008
core-metadata\src\main\java\org\apache\kylin\metadata\filter\udf\massintuplefilter.java;False;False;0.991;0.009
core-metadata\src\main\java\org\apache\kylin\metadata\filter\udf\massinvalueprovider.java;False;False;1.0;0.0
core-metadata\src\main\java\org\apache\kylin\metadata\filter\udf\massinvalueproviderfactory.java;False;False;0.998;0.002
core-metadata\src\main\java\org\apache\kylin\metadata\filter\unsupportedtuplefilter.java;False;False;1.0;0.0
core-metadata\src\main\java\org\apache\kylin\metadata\filter\function\builtinmethod.java;False;False;1.0;0.0
core-metadata\src\main\java\org\apache\kylin\metadata\filter\function\functions.java;False;False;1.0;0.0
core-metadata\src\main\java\org\apache\kylin\metadata\filter\function\like.java;False;False;0.97;0.03
core-metadata\src\main\java\org\apache\kylin\metadata\filter\function\likematchers.java;False;False;1.0;0.0
core-metadata\src\main\java\org\apache\kylin\metadata\filter\function\likematchers.java;False;False;0.997;0.003
core-metadata\src\main\java\org\apache\kylin\metadata\filter\function\likematchers.java;False;False;1.0;0.0
core-metadata\src\main\java\org\apache\kylin\metadata\filter\function\likematchers.java;False;False;1.0;0.0
core-metadata\src\main\java\org\apache\kylin\metadata\filter\function\likematchers.java;False;False;1.0;0.0
core-metadata\src\main\java\org\apache\kylin\metadata\model\columndesc.java;False;False;0.999;0.001
core-metadata\src\main\java\org\apache\kylin\metadata\model\datamodeldesc.java;True;True;0.324;0.676
core-metadata\src\main\java\org\apache\kylin\metadata\model\datamodelmanager.java;True;False;0.507;0.493
core-metadata\src\main\java\org\apache\kylin\metadata\model\datamodelmanager.java;True;True;0.45;0.55
core-metadata\src\main\java\org\apache\kylin\metadata\model\databasedesc.java;False;False;0.999;0.001
core-metadata\src\main\java\org\apache\kylin\metadata\model\dynamicfunctiondesc.java;False;False;1.0;0.0
core-metadata\src\main\java\org\apache\kylin\metadata\model\externalfilterdesc.java;False;False;1.0;0.0
core-metadata\src\main\java\org\apache\kylin\metadata\model\externalfilterdesc.java;False;False;1.0;0.0
core-metadata\src\main\java\org\apache\kylin\metadata\model\functiondesc.java;False;False;0.949;0.051
core-metadata\src\main\java\org\apache\kylin\metadata\model\ibuildable.java;False;False;1.0;0.0
core-metadata\src\main\java\org\apache\kylin\metadata\model\iengineaware.java;False;False;1.0;0.0
core-metadata\src\main\java\org\apache\kylin\metadata\model\ijoinedflattabledesc.java;False;False;0.987;0.013
core-metadata\src\main\java\org\apache\kylin\metadata\model\isegment.java;False;False;0.997;0.003
core-metadata\src\main\java\org\apache\kylin\metadata\model\isegmentadvisor.java;False;False;1.0;0.0
core-metadata\src\main\java\org\apache\kylin\metadata\model\isourceaware.java;False;False;0.999;0.001
core-metadata\src\main\java\org\apache\kylin\metadata\model\istorageaware.java;False;False;1.0;0.0
core-metadata\src\main\java\org\apache\kylin\metadata\model\joindesc.java;False;False;0.999;0.001
core-metadata\src\main\java\org\apache\kylin\metadata\model\jointabledesc.java;False;False;0.998;0.002
core-metadata\src\main\java\org\apache\kylin\metadata\model\joinstree.java;False;False;0.999;0.001
core-metadata\src\main\java\org\apache\kylin\metadata\model\joinstree.java;False;False;0.998;0.002
core-metadata\src\main\java\org\apache\kylin\metadata\model\joinstree.java;False;False;0.999;0.001
core-metadata\src\main\java\org\apache\kylin\metadata\model\joinstree.java;False;False;0.996;0.004
core-metadata\src\main\java\org\apache\kylin\metadata\model\measuredesc.java;False;False;0.997;0.003
core-metadata\src\main\java\org\apache\kylin\metadata\model\modeldimensiondesc.java;False;False;1.0;0.0
core-metadata\src\main\java\org\apache\kylin\metadata\model\parameterdesc.java;False;False;0.996;0.004
core-metadata\src\main\java\org\apache\kylin\metadata\model\parameterdesc.java;False;False;0.995;0.005
core-metadata\src\main\java\org\apache\kylin\metadata\model\partitiondesc.java;True;False;0.991;0.009
core-metadata\src\main\java\org\apache\kylin\metadata\model\partitiondesc.java;True;False;0.986;0.014
core-metadata\src\main\java\org\apache\kylin\metadata\model\partitiondesc.java;True;False;0.999;0.001
core-metadata\src\main\java\org\apache\kylin\metadata\model\partitiondesc.java;True;False;0.993;0.007
core-metadata\src\main\java\org\apache\kylin\metadata\model\partitiondesc.java;True;False;0.991;0.009
core-metadata\src\main\java\org\apache\kylin\metadata\model\segmentrange.java;False;False;1.0;0.0
core-metadata\src\main\java\org\apache\kylin\metadata\model\segmentrange.java;False;False;0.998;0.002
core-metadata\src\main\java\org\apache\kylin\metadata\model\segmentrange.java;False;False;0.997;0.003
core-metadata\src\main\java\org\apache\kylin\metadata\model\segmentstatusenum.java;False;False;1.0;0.0
core-metadata\src\main\java\org\apache\kylin\metadata\model\segments.java;False;False;0.979;0.021
core-metadata\src\main\java\org\apache\kylin\metadata\model\sumdynamicfunctiondesc.java;False;False;1.0;0.0
core-metadata\src\main\java\org\apache\kylin\metadata\model\tabledesc.java;False;False;0.995;0.005
core-metadata\src\main\java\org\apache\kylin\metadata\model\tableextdesc.java;False;False;0.999;0.001
core-metadata\src\main\java\org\apache\kylin\metadata\model\tableextdesc.java;False;False;0.991;0.009
core-metadata\src\main\java\org\apache\kylin\metadata\model\tableref.java;False;False;0.994;0.006
core-metadata\src\main\java\org\apache\kylin\metadata\model\tblcolref.java;False;False;0.992;0.008
core-metadata\src\main\java\org\apache\kylin\metadata\model\tool\calciteparser.java;False;False;0.961;0.039
core-metadata\src\main\java\org\apache\kylin\metadata\project\projectinstance.java;False;False;0.987;0.013
core-metadata\src\main\java\org\apache\kylin\metadata\project\projectl2cache.java;False;False;1.0;0.0
core-metadata\src\main\java\org\apache\kylin\metadata\project\projectl2cache.java;False;False;0.995;0.005
core-metadata\src\main\java\org\apache\kylin\metadata\project\projectl2cache.java;False;False;1.0;0.0
core-metadata\src\main\java\org\apache\kylin\metadata\project\projectmanager.java;False;False;0.979;0.021
core-metadata\src\main\java\org\apache\kylin\metadata\project\projectmanager.java;False;False;0.979;0.021
core-metadata\src\main\java\org\apache\kylin\metadata\project\projectstatusenum.java;False;False;1.0;0.0
core-metadata\src\main\java\org\apache\kylin\metadata\project\projecttable.java;False;False;1.0;0.0
core-metadata\src\main\java\org\apache\kylin\metadata\project\realizationentry.java;False;False;1.0;0.0
core-metadata\src\main\java\org\apache\kylin\metadata\querymeta\columnmeta.java;False;False;0.97;0.03
core-metadata\src\main\java\org\apache\kylin\metadata\querymeta\columnmetawithtype.java;False;False;0.998;0.002
core-metadata\src\main\java\org\apache\kylin\metadata\querymeta\selectedcolumnmeta.java;False;False;0.973;0.027
core-metadata\src\main\java\org\apache\kylin\metadata\querymeta\tablemeta.java;False;False;0.987;0.013
core-metadata\src\main\java\org\apache\kylin\metadata\querymeta\tablemetawithtype.java;False;False;0.997;0.003
core-metadata\src\main\java\org\apache\kylin\metadata\realization\capabilityresult.java;False;False;0.997;0.003
core-metadata\src\main\java\org\apache\kylin\metadata\realization\capabilityresult.java;False;False;0.998;0.002
core-metadata\src\main\java\org\apache\kylin\metadata\realization\capabilityresult.java;False;False;0.993;0.007
core-metadata\src\main\java\org\apache\kylin\metadata\realization\irealization.java;False;False;0.973;0.027
core-metadata\src\main\java\org\apache\kylin\metadata\realization\irealizationconstants.java;False;False;1.0;0.0
core-metadata\src\main\java\org\apache\kylin\metadata\realization\irealizationfilter.java;False;False;1.0;0.0
core-metadata\src\main\java\org\apache\kylin\metadata\realization\irealizationprovider.java;False;False;1.0;0.0
core-metadata\src\main\java\org\apache\kylin\metadata\realization\norealizationfoundexception.java;False;False;1.0;0.0
core-metadata\src\main\java\org\apache\kylin\metadata\realization\realizationregistry.java;False;False;1.0;0.0
core-metadata\src\main\java\org\apache\kylin\metadata\realization\realizationstatusenum.java;False;False;1.0;0.0
core-metadata\src\main\java\org\apache\kylin\metadata\realization\realizationtype.java;False;False;1.0;0.0
core-metadata\src\main\java\org\apache\kylin\metadata\realization\routingindicatorexception.java;False;False;1.0;0.0
core-metadata\src\main\java\org\apache\kylin\metadata\realization\sqldigest.java;True;False;0.999;0.001
core-metadata\src\main\java\org\apache\kylin\metadata\realization\sqldigest.java;True;False;0.999;0.001
core-metadata\src\main\java\org\apache\kylin\metadata\realization\streamsqldigest.java;False;False;0.993;0.007
core-metadata\src\main\java\org\apache\kylin\metadata\streaming\streamingconfig.java;False;False;0.999;0.001
core-metadata\src\main\java\org\apache\kylin\metadata\streaming\streamingmanager.java;False;False;0.991;0.009
core-metadata\src\main\java\org\apache\kylin\metadata\streaming\streamingmanager.java;False;False;0.998;0.002
core-metadata\src\main\java\org\apache\kylin\metadata\tuple\compoundtupleiterator.java;False;False;1.0;0.0
core-metadata\src\main\java\org\apache\kylin\metadata\tuple\ievaluatabletuple.java;False;False;1.0;0.0
core-metadata\src\main\java\org\apache\kylin\metadata\tuple\ituple.java;False;False;1.0;0.0
core-metadata\src\main\java\org\apache\kylin\metadata\tuple\itupleiterator.java;False;False;1.0;0.0
core-metadata\src\main\java\org\apache\kylin\metadata\tuple\simpletupleiterator.java;False;False;1.0;0.0
core-metadata\src\main\java\org\apache\kylin\metadata\tuple\tuple.java;False;False;0.998;0.002
core-metadata\src\main\java\org\apache\kylin\metadata\tuple\tupleinfo.java;False;False;0.994;0.006
core-metadata\src\main\java\org\apache\kylin\source\ireadabletable.java;False;False;0.981;0.019
core-metadata\src\main\java\org\apache\kylin\source\ireadabletable.java;False;False;0.986;0.014
core-metadata\src\main\java\org\apache\kylin\source\isampledatadeployer.java;False;False;1.0;0.0
core-metadata\src\main\java\org\apache\kylin\source\isource.java;False;False;0.998;0.002
core-metadata\src\main\java\org\apache\kylin\source\isourcemetadataexplorer.java;False;False;0.999;0.001
core-metadata\src\main\java\org\apache\kylin\source\sourcemanager.java;False;False;0.993;0.007
core-metadata\src\main\java\org\apache\kylin\source\sourcepartition.java;False;False;0.994;0.006
core-metadata\src\main\java\org\apache\kylin\source\adhocquery\abstractpushdownrunner.java;False;False;0.995;0.005
core-metadata\src\main\java\org\apache\kylin\source\adhocquery\hivepushdownconverter.java;False;False;0.971;0.029
core-metadata\src\main\java\org\apache\kylin\source\adhocquery\ipushdownconverter.java;False;False;0.976;0.024
core-metadata\src\main\java\org\apache\kylin\source\adhocquery\ipushdownrunner.java;False;False;0.995;0.005
core-metadata\src\main\java\org\apache\kylin\source\datagen\columngenconfig.java;False;False;1.0;0.0
core-metadata\src\main\java\org\apache\kylin\source\datagen\columngenerator.java;False;False;1.0;0.0
core-metadata\src\main\java\org\apache\kylin\source\datagen\columngenerator.java;False;False;0.99;0.01
core-metadata\src\main\java\org\apache\kylin\source\datagen\columngenerator.java;False;False;1.0;0.0
core-metadata\src\main\java\org\apache\kylin\source\datagen\columngenerator.java;False;False;0.993;0.007
core-metadata\src\main\java\org\apache\kylin\source\datagen\columngenerator.java;False;False;1.0;0.0
core-metadata\src\main\java\org\apache\kylin\source\datagen\columngenerator.java;False;False;1.0;0.0
core-metadata\src\main\java\org\apache\kylin\source\datagen\columngenerator.java;False;False;1.0;0.0
core-metadata\src\main\java\org\apache\kylin\source\datagen\columngenerator.java;False;False;1.0;0.0
core-metadata\src\main\java\org\apache\kylin\source\datagen\modeldatagenerator.java;False;False;0.998;0.002
core-metadata\src\main\java\org\apache\kylin\source\datagen\tablegenconfig.java;False;False;1.0;0.0
core-metadata\src\main\java\org\apache\kylin\source\datagen\util.java;False;False;0.998;0.002
core-metadata\src\main\java\org\apache\kylin\util\bitsetserializer.java;False;False;0.99;0.01
core-metadata\src\main\java\org\apache\kylin\util\kryoutils.java;False;False;0.997;0.003
core-metadata\src\test\java\org\apache\kylin\dimension\booleandimenctest.java;False;False;1.0;0.0
core-metadata\src\test\java\org\apache\kylin\dimension\datedimenctest.java;False;False;1.0;0.0
core-metadata\src\test\java\org\apache\kylin\dimension\fixedlenhexdimenctest.java;False;False;0.999;0.001
core-metadata\src\test\java\org\apache\kylin\dimension\intdimenctest.java;False;False;1.0;0.0
core-metadata\src\test\java\org\apache\kylin\dimension\integerdimenctest.java;False;False;0.999;0.001
core-metadata\src\test\java\org\apache\kylin\dimension\onemorebytevlongdimenctest.java;False;False;1.0;0.0
core-metadata\src\test\java\org\apache\kylin\dimension\timederivedcolumntypetest.java;False;False;0.98;0.02
core-metadata\src\test\java\org\apache\kylin\dimension\timedimenctest.java;False;False;1.0;0.0
core-metadata\src\test\java\org\apache\kylin\measure\aggregatormemestimatetest.java;False;False;0.999;0.001
core-metadata\src\test\java\org\apache\kylin\measure\bitmap\bitmapaggregatortest.java;False;False;1.0;0.0
core-metadata\src\test\java\org\apache\kylin\measure\bitmap\bitmapcountertest.java;False;False;1.0;0.0
core-metadata\src\test\java\org\apache\kylin\measure\bitmap\bitmapserializertest.java;False;False;1.0;0.0
core-metadata\src\test\java\org\apache\kylin\measure\extendedcolumn\extendedcolumnserializertest.java;False;False;1.0;0.0
core-metadata\src\test\java\org\apache\kylin\measure\hllc\hllcmeasuretypetest.java;False;False;1.0;0.0
core-metadata\src\test\java\org\apache\kylin\measure\hllc\hllcounteroldtest.java;False;False;1.0;0.0
core-metadata\src\test\java\org\apache\kylin\measure\hllc\hllcountertest.java;False;False;0.999;0.001
core-metadata\src\test\java\org\apache\kylin\measure\hllc\newhyperloglogbenchmarktest.java;False;False;0.999;0.001
core-metadata\src\test\java\org\apache\kylin\measure\hllc\newhyperloglogbenchmarktest.java;False;False;1.0;0.0
core-metadata\src\test\java\org\apache\kylin\measure\percentile\percentileaggregatortest.java;False;False;1.0;0.0
core-metadata\src\test\java\org\apache\kylin\measure\percentile\percentilecountertest.java;False;False;1.0;0.0
core-metadata\src\test\java\org\apache\kylin\measure\percentile\percentileserializertest.java;False;False;1.0;0.0
core-metadata\src\test\java\org\apache\kylin\measure\percentile\tdigesttest.java;False;False;0.999;0.001
core-metadata\src\test\java\org\apache\kylin\measure\raw\rawaggregatortest.java;False;False;1.0;0.0
core-metadata\src\test\java\org\apache\kylin\measure\raw\rawserializertest.java;False;False;1.0;0.0
core-metadata\src\test\java\org\apache\kylin\measure\topn\doubledeltaserializertest.java;False;False;1.0;0.0
core-metadata\src\test\java\org\apache\kylin\measure\topn\topncounterbasictest.java;False;False;1.0;0.0
core-metadata\src\test\java\org\apache\kylin\measure\topn\topncountercombinationtest.java;False;False;1.0;0.0
core-metadata\src\test\java\org\apache\kylin\measure\topn\topncounterserializertest.java;False;False;0.995;0.005
core-metadata\src\test\java\org\apache\kylin\measure\topn\topncountertest.java;False;False;1.0;0.0
core-metadata\src\test\java\org\apache\kylin\measure\topn\topncountertest.java;False;False;1.0;0.0
core-metadata\src\test\java\org\apache\kylin\measure\topn\topncountertest.java;False;False;1.0;0.0
core-metadata\src\test\java\org\apache\kylin\measure\topn\topncountertest.java;False;False;1.0;0.0
core-metadata\src\test\java\org\apache\kylin\measure\topn\topncountertest.java;False;False;1.0;0.0
core-metadata\src\test\java\org\apache\kylin\measure\topn\topncountertest.java;False;False;1.0;0.0
core-metadata\src\test\java\org\apache\kylin\measure\topn\topncountertest.java;False;False;0.999;0.001
core-metadata\src\test\java\org\apache\kylin\measure\topn\topncountertest.java;False;False;1.0;0.0
core-metadata\src\test\java\org\apache\kylin\metadata\tablemetadatamanagertest.java;False;False;0.986;0.014
core-metadata\src\test\java\org\apache\kylin\metadata\tempstatementmanagertest.java;False;False;0.998;0.002
core-metadata\src\test\java\org\apache\kylin\metadata\acl\tableacltest.java;False;False;1.0;0.0
core-metadata\src\test\java\org\apache\kylin\metadata\badquery\badqueryhistorymanagertest.java;False;False;1.0;0.0
core-metadata\src\test\java\org\apache\kylin\metadata\cachesync\broadcastertest.java;False;False;0.999;0.001
core-metadata\src\test\java\org\apache\kylin\metadata\cachesync\broadcastertest.java;False;False;0.998;0.002
core-metadata\src\test\java\org\apache\kylin\metadata\cachesync\cachedcrudassisttest.java;False;False;1.0;0.0
core-metadata\src\test\java\org\apache\kylin\metadata\datatype\bigdecimalserializertest.java;False;False;1.0;0.0
core-metadata\src\test\java\org\apache\kylin\metadata\datatype\datatypeordertest.java;False;False;0.999;0.001
core-metadata\src\test\java\org\apache\kylin\metadata\datatype\datatypetest.java;False;False;0.998;0.002
core-metadata\src\test\java\org\apache\kylin\metadata\draft\draftmanagertest.java;False;False;0.985;0.015
core-metadata\src\test\java\org\apache\kylin\metadata\expression\expressioncountdistributortest.java;False;False;0.994;0.006
core-metadata\src\test\java\org\apache\kylin\metadata\expression\tupleexpressionserializertest.java;False;False;1.0;0.0
core-metadata\src\test\java\org\apache\kylin\metadata\expression\tupleexpressiontest.java;False;False;1.0;0.0
core-metadata\src\test\java\org\apache\kylin\metadata\filter\filteroptimizetransformertest.java;False;False;1.0;0.0
core-metadata\src\test\java\org\apache\kylin\metadata\filter\tuplefiltertest.java;False;False;1.0;0.0
core-metadata\src\test\java\org\apache\kylin\metadata\model\datamodeldesctest.java;False;False;0.997;0.003
core-metadata\src\test\java\org\apache\kylin\metadata\model\datamodelmanagertest.java;False;False;1.0;0.0
core-metadata\src\test\java\org\apache\kylin\metadata\model\defaultpartitionconditionbuildertest.java;False;False;0.997;0.003
core-metadata\src\test\java\org\apache\kylin\metadata\model\functiondesctest.java;False;False;0.998;0.002
core-metadata\src\test\java\org\apache\kylin\metadata\model\joinstreetest.java;False;False;1.0;0.0
core-metadata\src\test\java\org\apache\kylin\metadata\streaming\streamingmanagertest.java;False;False;0.998;0.002
core-metadata\src\test\java\org\apache\kylin\metadata\tuple\emptytupleiteratortest.java;False;False;1.0;0.0
core-metadata\src\test\java\org\apache\kylin\source\h2database.java;False;False;0.999;0.001
core-metadata\src\test\java\org\apache\kylin\source\adhocquery\hivepushdownconvertertest.java;False;False;0.999;0.001
core-metadata\src\test\java\org\apache\kylin\source\datagen\datagentest.java;False;False;1.0;0.0
core-metrics\src\main\java\org\apache\kylin\metrics\metricsmanager.java;False;False;0.996;0.004
core-metrics\src\main\java\org\apache\kylin\metrics\lib\activereservoir.java;False;False;0.987;0.013
core-metrics\src\main\java\org\apache\kylin\metrics\lib\activereservoirfilter.java;False;False;0.999;0.001
core-metrics\src\main\java\org\apache\kylin\metrics\lib\activereservoirlistener.java;False;False;0.996;0.004
core-metrics\src\main\java\org\apache\kylin\metrics\lib\activereservoirreporter.java;False;False;1.0;0.0
core-metrics\src\main\java\org\apache\kylin\metrics\lib\record.java;False;False;0.997;0.003
core-metrics\src\main\java\org\apache\kylin\metrics\lib\sink.java;False;False;1.0;0.0
core-metrics\src\main\java\org\apache\kylin\metrics\lib\sinktool.java;False;False;1.0;0.0
core-metrics\src\main\java\org\apache\kylin\metrics\lib\impl\abstractactivereservoir.java;False;False;1.0;0.0
core-metrics\src\main\java\org\apache\kylin\metrics\lib\impl\basescheduledreporter.java;False;False;0.996;0.004
core-metrics\src\main\java\org\apache\kylin\metrics\lib\impl\blockingreservoir.java;False;False;0.995;0.005
core-metrics\src\main\java\org\apache\kylin\metrics\lib\impl\blockingreservoir.java;False;False;1.0;0.0
core-metrics\src\main\java\org\apache\kylin\metrics\lib\impl\instantreservoir.java;False;False;0.998;0.002
core-metrics\src\main\java\org\apache\kylin\metrics\lib\impl\metricssystem.java;False;False;0.996;0.004
core-metrics\src\main\java\org\apache\kylin\metrics\lib\impl\recordevent.java;False;False;0.999;0.001
core-metrics\src\main\java\org\apache\kylin\metrics\lib\impl\recordeventtimedetail.java;False;False;1.0;0.0
core-metrics\src\main\java\org\apache\kylin\metrics\lib\impl\reporterbuilder.java;False;False;1.0;0.0
core-metrics\src\main\java\org\apache\kylin\metrics\lib\impl\stubreservoir.java;False;False;0.996;0.004
core-metrics\src\main\java\org\apache\kylin\metrics\lib\impl\stubreservoirreporter.java;False;False;1.0;0.0
core-metrics\src\main\java\org\apache\kylin\metrics\lib\impl\stubreservoirreporter.java;False;False;1.0;0.0
core-metrics\src\main\java\org\apache\kylin\metrics\lib\impl\stubsink.java;False;False;1.0;0.0
core-metrics\src\main\java\org\apache\kylin\metrics\lib\impl\timepropertyenum.java;False;False;1.0;0.0
core-metrics\src\main\java\org\apache\kylin\metrics\lib\impl\timedrecordevent.java;False;False;0.999;0.001
core-metrics\src\main\java\org\apache\kylin\metrics\property\jobpropertyenum.java;False;False;0.997;0.003
core-metrics\src\main\java\org\apache\kylin\metrics\property\querycubepropertyenum.java;False;False;1.0;0.0
core-metrics\src\main\java\org\apache\kylin\metrics\property\querypropertyenum.java;False;False;1.0;0.0
core-metrics\src\main\java\org\apache\kylin\metrics\property\queryrpcpropertyenum.java;False;False;1.0;0.0
core-storage\src\main\java\org\apache\kylin\storage\istorage.java;False;False;0.998;0.002
core-storage\src\main\java\org\apache\kylin\storage\istoragequery.java;False;False;0.997;0.003
core-storage\src\main\java\org\apache\kylin\storage\storagecontext.java;False;False;0.989;0.011
core-storage\src\main\java\org\apache\kylin\storage\storagefactory.java;False;False;1.0;0.0
core-storage\src\main\java\org\apache\kylin\storage\cache\tsconditionextractor.java;False;False;0.981;0.019
core-storage\src\main\java\org\apache\kylin\storage\gtrecord\cubescanrangeplanner.java;False;False;0.999;0.001
core-storage\src\main\java\org\apache\kylin\storage\gtrecord\cubesegmentscanner.java;False;False;1.0;0.0
core-storage\src\main\java\org\apache\kylin\storage\gtrecord\cubetupleconverter.java;False;False;0.994;0.006
core-storage\src\main\java\org\apache\kylin\storage\gtrecord\dummypartitionstreamer.java;False;False;1.0;0.0
core-storage\src\main\java\org\apache\kylin\storage\gtrecord\gtcubestoragequerybase.java;False;False;0.98;0.02
core-storage\src\main\java\org\apache\kylin\storage\gtrecord\gtcubestoragequerybase.java;False;False;0.98;0.02
core-storage\src\main\java\org\apache\kylin\storage\gtrecord\gtcubestoragequeryrequest.java;False;False;0.991;0.009
core-storage\src\main\java\org\apache\kylin\storage\gtrecord\ipartitionstreamer.java;False;False;1.0;0.0
core-storage\src\main\java\org\apache\kylin\storage\gtrecord\itupleconverter.java;False;False;1.0;0.0
core-storage\src\main\java\org\apache\kylin\storage\gtrecord\partitionresultiterator.java;False;False;1.0;0.0
core-storage\src\main\java\org\apache\kylin\storage\gtrecord\peekingimpl.java;False;False;1.0;0.0
core-storage\src\main\java\org\apache\kylin\storage\gtrecord\scannerworker.java;False;False;0.999;0.001
core-storage\src\main\java\org\apache\kylin\storage\gtrecord\segmentcubetupleiterator.java;False;False;0.997;0.003
core-storage\src\main\java\org\apache\kylin\storage\gtrecord\sequentialcubetupleiterator.java;False;False;0.998;0.002
core-storage\src\main\java\org\apache\kylin\storage\gtrecord\sortmergedpartitionresultiterator.java;False;False;0.999;0.001
core-storage\src\main\java\org\apache\kylin\storage\gtrecord\sortediteratormerger.java;False;False;1.0;0.0
core-storage\src\main\java\org\apache\kylin\storage\gtrecord\sortediteratormerger.java;False;False;1.0;0.0
core-storage\src\main\java\org\apache\kylin\storage\gtrecord\sortediteratormergerwithlimit.java;False;False;1.0;0.0
core-storage\src\main\java\org\apache\kylin\storage\gtrecord\sortediteratormergerwithlimit.java;False;False;0.999;0.001
core-storage\src\main\java\org\apache\kylin\storage\gtrecord\storageresponsegtscatter.java;False;False;1.0;0.0
core-storage\src\main\java\org\apache\kylin\storage\hybrid\hybridinstance.java;False;False;0.99;0.01
core-storage\src\main\java\org\apache\kylin\storage\hybrid\hybridmanager.java;False;False;1.0;0.0
core-storage\src\main\java\org\apache\kylin\storage\hybrid\hybridmanager.java;False;False;1.0;0.0
core-storage\src\main\java\org\apache\kylin\storage\hybrid\hybridstorage.java;False;False;1.0;0.0
core-storage\src\main\java\org\apache\kylin\storage\hybrid\hybridstoragequery.java;False;False;1.0;0.0
core-storage\src\main\java\org\apache\kylin\storage\translate\derivedfiltertranslator.java;False;False;0.999;0.001
core-storage\src\main\java\org\apache\kylin\storage\translate\derivedfiltertranslator.java;False;False;1.0;0.0
core-storage\src\main\java\org\apache\kylin\storage\translate\fuzzyvaluecombination.java;False;False;0.998;0.002
core-storage\src\main\java\org\apache\kylin\storage\util\sizeofutil.java;False;False;1.0;0.0
core-storage\src\test\java\org\apache\kylin\storage\storagecontexttest.java;False;False;1.0;0.0
core-storage\src\test\java\org\apache\kylin\storage\storagefactorytest.java;False;False;1.0;0.0
core-storage\src\test\java\org\apache\kylin\storage\storagefactorytest.java;False;False;1.0;0.0
core-storage\src\test\java\org\apache\kylin\storage\storagefactorytest.java;False;False;1.0;0.0
core-storage\src\test\java\org\apache\kylin\storage\storagemockutils.java;False;False;0.996;0.004
core-storage\src\test\java\org\apache\kylin\storage\cache\ehcachetest.java;False;False;0.999;0.001
core-storage\src\test\java\org\apache\kylin\storage\gtrecord\dictgridtabletest.java;False;False;0.99;0.01
core-storage\src\test\java\org\apache\kylin\storage\gtrecord\sortediteratormergertest.java;False;False;1.0;0.0
core-storage\src\test\java\org\apache\kylin\storage\gtrecord\sortediteratormergerwithlimittest.java;False;False;1.0;0.0
core-storage\src\test\java\org\apache\kylin\storage\gtrecord\sortediteratormergerwithlimittest.java;False;False;0.999;0.001
core-storage\src\test\java\org\apache\kylin\storage\hybrid\hybridinstancetest.java;True;False;0.998;0.002
core-storage\src\test\java\org\apache\kylin\storage\hybrid\hybridmanagertest.java;False;False;1.0;0.0
core-storage\src\test\java\org\apache\kylin\storage\translate\fuzzyvaluecombinationtest.java;False;False;0.996;0.004
datasource-sdk\src\main\java\org\apache\kylin\sdk\datasource\adaptor\abstractjdbcadaptor.java;False;False;0.985;0.015
datasource-sdk\src\main\java\org\apache\kylin\sdk\datasource\adaptor\adaptorconfig.java;False;False;0.987;0.013
datasource-sdk\src\main\java\org\apache\kylin\sdk\datasource\adaptor\defaultadaptor.java;False;False;0.99;0.01
datasource-sdk\src\main\java\org\apache\kylin\sdk\datasource\adaptor\h2adaptor.java;False;False;1.0;0.0
datasource-sdk\src\main\java\org\apache\kylin\sdk\datasource\adaptor\mysqladaptor.java;False;False;0.999;0.001
datasource-sdk\src\main\java\org\apache\kylin\sdk\datasource\framework\adaptorfactory.java;False;False;1.0;0.0
datasource-sdk\src\main\java\org\apache\kylin\sdk\datasource\framework\fixedcachedrowsetimpl.java;False;False;0.982;0.018
datasource-sdk\src\main\java\org\apache\kylin\sdk\datasource\framework\fixedcachedrowsetimpl.java;False;False;0.996;0.004
datasource-sdk\src\main\java\org\apache\kylin\sdk\datasource\framework\fixedcachedrowsetimpl.java;False;False;0.997;0.003
datasource-sdk\src\main\java\org\apache\kylin\sdk\datasource\framework\fixedcachedrowsetimpl.java;False;False;0.996;0.004
datasource-sdk\src\main\java\org\apache\kylin\sdk\datasource\framework\jdbcconnector.java;False;False;0.997;0.003
datasource-sdk\src\main\java\org\apache\kylin\sdk\datasource\framework\sourceconnectorfactory.java;False;False;1.0;0.0
datasource-sdk\src\main\java\org\apache\kylin\sdk\datasource\framework\conv\convmaster.java;False;False;0.988;0.012
datasource-sdk\src\main\java\org\apache\kylin\sdk\datasource\framework\conv\convmaster.java;False;False;0.999;0.001
datasource-sdk\src\main\java\org\apache\kylin\sdk\datasource\framework\conv\convsqlwriter.java;False;False;0.997;0.003
datasource-sdk\src\main\java\org\apache\kylin\sdk\datasource\framework\conv\convsqlwriter.java;False;False;1.0;0.0
datasource-sdk\src\main\java\org\apache\kylin\sdk\datasource\framework\conv\convsqlwriter.java;False;False;0.986;0.014
datasource-sdk\src\main\java\org\apache\kylin\sdk\datasource\framework\conv\defaultconfiguer.java;False;False;1.0;0.0
datasource-sdk\src\main\java\org\apache\kylin\sdk\datasource\framework\conv\genericsqlconverter.java;False;False;0.999;0.001
datasource-sdk\src\main\java\org\apache\kylin\sdk\datasource\framework\conv\paramnodeparser.java;False;False;1.0;0.0
datasource-sdk\src\main\java\org\apache\kylin\sdk\datasource\framework\conv\sqlconverter.java;False;False;0.994;0.006
datasource-sdk\src\main\java\org\apache\kylin\sdk\datasource\framework\conv\sqlconverter.java;False;False;1.0;0.0
datasource-sdk\src\main\java\org\apache\kylin\sdk\datasource\framework\conv\sqlnodeconverter.java;False;False;1.0;0.0
datasource-sdk\src\main\java\org\apache\kylin\sdk\datasource\framework\conv\sqlnodeconverter.java;False;False;1.0;0.0
datasource-sdk\src\main\java\org\apache\kylin\sdk\datasource\framework\conv\sqlparamsfinder.java;False;False;0.997;0.003
datasource-sdk\src\main\java\org\apache\kylin\sdk\datasource\framework\def\datasourcedef.java;False;False;0.987;0.013
datasource-sdk\src\main\java\org\apache\kylin\sdk\datasource\framework\def\datasourcedefprovider.java;False;False;1.0;0.0
datasource-sdk\src\main\java\org\apache\kylin\sdk\datasource\framework\def\functiondef.java;False;False;1.0;0.0
datasource-sdk\src\main\java\org\apache\kylin\sdk\datasource\framework\def\propertydef.java;False;False;1.0;0.0
datasource-sdk\src\main\java\org\apache\kylin\sdk\datasource\framework\def\typedef.java;False;False;1.0;0.0
datasource-sdk\src\main\java\org\apache\kylin\sdk\datasource\framework\def\typemapping.java;False;False;1.0;0.0
datasource-sdk\src\main\java\org\apache\kylin\sdk\datasource\framework\utils\expressioncomparator.java;False;False;0.996;0.004
datasource-sdk\src\main\java\org\apache\kylin\sdk\datasource\framework\utils\expressioncomparator.java;False;False;0.999;0.001
datasource-sdk\src\main\java\org\apache\kylin\sdk\datasource\framework\utils\xmlutil.java;False;False;1.0;0.0
datasource-sdk\src\test\java\org\apache\kylin\sdk\datasource\adaptor\adaptorconfigtest.java;False;False;1.0;0.0
datasource-sdk\src\test\java\org\apache\kylin\sdk\datasource\framework\jdbcconnectortest.java;False;False;1.0;0.0
datasource-sdk\src\test\java\org\apache\kylin\sdk\datasource\framework\sourceconnectorfactorytest.java;False;False;1.0;0.0
datasource-sdk\src\test\java\org\apache\kylin\sdk\datasource\framework\conv\genericsqlconvertertest.java;False;False;1.0;0.0
datasource-sdk\src\test\java\org\apache\kylin\sdk\datasource\framework\conv\paramnodeparsertest.java;False;False;1.0;0.0
datasource-sdk\src\test\java\org\apache\kylin\sdk\datasource\framework\conv\sqlconvertertest.java;False;False;0.994;0.006
datasource-sdk\src\test\java\org\apache\kylin\sdk\datasource\framework\conv\sqlparamsfindertest.java;False;False;1.0;0.0
datasource-sdk\src\test\java\org\apache\kylin\sdk\datasource\framework\def\datasourcedeftest.java;False;False;1.0;0.0
datasource-sdk\src\test\java\org\apache\kylin\sdk\datasource\framework\def\typedeftest.java;False;False;1.0;0.0
engine-mr\src\main\java\org\apache\kylin\engine\mr\batchcubingjobbuilder2.java;False;False;0.997;0.003
engine-mr\src\main\java\org\apache\kylin\engine\mr\batchmergejobbuilder2.java;False;False;0.998;0.002
engine-mr\src\main\java\org\apache\kylin\engine\mr\batchoptimizejobbuilder2.java;False;False;0.968;0.032
engine-mr\src\main\java\org\apache\kylin\engine\mr\batchoptimizejobcheckpointbuilder.java;False;False;0.999;0.001
engine-mr\src\main\java\org\apache\kylin\engine\mr\bytearraywritable.java;False;False;1.0;0.0
engine-mr\src\main\java\org\apache\kylin\engine\mr\bytearraywritable.java;False;False;1.0;0.0
engine-mr\src\main\java\org\apache\kylin\engine\mr\cubingjob.java;False;False;0.994;0.006
engine-mr\src\main\java\org\apache\kylin\engine\mr\dfsfiletable.java;False;False;1.0;0.0
engine-mr\src\main\java\org\apache\kylin\engine\mr\dfsfiletablereader.java;False;False;1.0;0.0
engine-mr\src\main\java\org\apache\kylin\engine\mr\dfsfiletablereader.java;False;False;0.995;0.005
engine-mr\src\main\java\org\apache\kylin\engine\mr\dfsfiletablereader.java;False;False;0.998;0.002
engine-mr\src\main\java\org\apache\kylin\engine\mr\iinput.java;False;False;1.0;0.0
engine-mr\src\main\java\org\apache\kylin\engine\mr\ilookupmaterializer.java;False;False;0.998;0.002
engine-mr\src\main\java\org\apache\kylin\engine\mr\imrinput.java;False;False;1.0;0.0
engine-mr\src\main\java\org\apache\kylin\engine\mr\imroutput.java;False;False;1.0;0.0
engine-mr\src\main\java\org\apache\kylin\engine\mr\imroutput2.java;False;False;1.0;0.0
engine-mr\src\main\java\org\apache\kylin\engine\mr\imroutput2.java;False;False;1.0;0.0
engine-mr\src\main\java\org\apache\kylin\engine\mr\imroutput2.java;False;False;1.0;0.0
engine-mr\src\main\java\org\apache\kylin\engine\mr\imroutput2.java;False;False;1.0;0.0
engine-mr\src\main\java\org\apache\kylin\engine\mr\imroutput2.java;False;False;0.997;0.003
engine-mr\src\main\java\org\apache\kylin\engine\mr\jobbuildersupport.java;False;False;0.988;0.012
engine-mr\src\main\java\org\apache\kylin\engine\mr\kylinmapper.java;False;False;1.0;0.0
engine-mr\src\main\java\org\apache\kylin\engine\mr\kylinmapper.java;False;False;1.0;0.0
engine-mr\src\main\java\org\apache\kylin\engine\mr\kylinmapper.java;False;False;1.0;0.0
engine-mr\src\main\java\org\apache\kylin\engine\mr\kylinmapper.java;False;False;1.0;0.0
engine-mr\src\main\java\org\apache\kylin\engine\mr\kylinmapper.java;False;False;0.999;0.001
engine-mr\src\main\java\org\apache\kylin\engine\mr\kylinmapper.java;False;False;0.999;0.001
engine-mr\src\main\java\org\apache\kylin\engine\mr\kylinmapper.java;False;False;1.0;0.0
engine-mr\src\main\java\org\apache\kylin\engine\mr\kylinreducer.java;False;False;1.0;0.0
engine-mr\src\main\java\org\apache\kylin\engine\mr\kylinreducer.java;False;False;1.0;0.0
engine-mr\src\main\java\org\apache\kylin\engine\mr\kylinreducer.java;False;False;1.0;0.0
engine-mr\src\main\java\org\apache\kylin\engine\mr\kylinreducer.java;False;False;1.0;0.0
engine-mr\src\main\java\org\apache\kylin\engine\mr\kylinreducer.java;False;False;0.999;0.001
engine-mr\src\main\java\org\apache\kylin\engine\mr\kylinreducer.java;False;False;0.999;0.001
engine-mr\src\main\java\org\apache\kylin\engine\mr\kylinreducer.java;False;False;1.0;0.0
engine-mr\src\main\java\org\apache\kylin\engine\mr\lookupmaterializecontext.java;False;False;1.0;0.0
engine-mr\src\main\java\org\apache\kylin\engine\mr\lookupsnapshotbuildjob.java;False;False;1.0;0.0
engine-mr\src\main\java\org\apache\kylin\engine\mr\lookupsnapshotjobbuilder.java;False;False;0.989;0.011
engine-mr\src\main\java\org\apache\kylin\engine\mr\mrbatchcubingengine2.java;False;False;1.0;0.0
engine-mr\src\main\java\org\apache\kylin\engine\mr\mrutil.java;False;False;0.998;0.002
engine-mr\src\main\java\org\apache\kylin\engine\mr\sortedcolumndfsfile.java;False;False;1.0;0.0
engine-mr\src\main\java\org\apache\kylin\engine\mr\sortedcolumndfsfilereader.java;False;False;1.0;0.0
engine-mr\src\main\java\org\apache\kylin\engine\mr\sortedcolumndfsfilereader.java;False;False;0.999;0.001
engine-mr\src\main\java\org\apache\kylin\engine\mr\streamingcubingengine.java;False;False;1.0;0.0
engine-mr\src\main\java\org\apache\kylin\engine\mr\streamingcubingjobbuilder.java;False;False;0.73;0.27
engine-mr\src\main\java\org\apache\kylin\engine\mr\common\abstracthadoopjob.java;False;False;0.992;0.008
engine-mr\src\main\java\org\apache\kylin\engine\mr\common\basecuboidbuilder.java;False;False;0.999;0.001
engine-mr\src\main\java\org\apache\kylin\engine\mr\common\batchconstants.java;False;False;0.999;0.001
engine-mr\src\main\java\org\apache\kylin\engine\mr\common\convergecuboiddatautil.java;False;False;1.0;0.0
engine-mr\src\main\java\org\apache\kylin\engine\mr\common\cubejoblockutil.java;False;False;0.998;0.002
engine-mr\src\main\java\org\apache\kylin\engine\mr\common\cubestatsreader.java;False;False;0.999;0.001
engine-mr\src\main\java\org\apache\kylin\engine\mr\common\cubestatsreader.java;False;False;1.0;0.0
engine-mr\src\main\java\org\apache\kylin\engine\mr\common\cubestatswriter.java;False;False;0.996;0.004
engine-mr\src\main\java\org\apache\kylin\engine\mr\common\cuboidrecommenderutil.java;False;False;0.995;0.005
engine-mr\src\main\java\org\apache\kylin\engine\mr\common\cuboidschedulerutil.java;False;False;1.0;0.0
engine-mr\src\main\java\org\apache\kylin\engine\mr\common\cuboidshardutil.java;False;False;1.0;0.0
engine-mr\src\main\java\org\apache\kylin\engine\mr\common\cuboidstatsreaderutil.java;True;False;0.999;0.001
engine-mr\src\main\java\org\apache\kylin\engine\mr\common\defaultsslprotocolsocketfactory.java;False;False;0.994;0.006
engine-mr\src\main\java\org\apache\kylin\engine\mr\common\defaultx509trustmanager.java;False;False;1.0;0.0
engine-mr\src\main\java\org\apache\kylin\engine\mr\common\dictionarygetterutil.java;False;False;1.0;0.0
engine-mr\src\main\java\org\apache\kylin\engine\mr\common\hadoopcmdoutput.java;False;False;0.998;0.002
engine-mr\src\main\java\org\apache\kylin\engine\mr\common\hadoopjobstatuschecker.java;False;False;0.998;0.002
engine-mr\src\main\java\org\apache\kylin\engine\mr\common\hadoopshellexecutable.java;False;False;0.998;0.002
engine-mr\src\main\java\org\apache\kylin\engine\mr\common\jobinfoconverter.java;False;True;0.443;0.557
engine-mr\src\main\java\org\apache\kylin\engine\mr\common\jobrelatedmetautil.java;False;False;0.996;0.004
engine-mr\src\main\java\org\apache\kylin\engine\mr\common\mapreduceexecutable.java;False;False;0.729;0.271
engine-mr\src\main\java\org\apache\kylin\engine\mr\common\mapreduceexecutable.java;False;False;0.645;0.355
engine-mr\src\main\java\org\apache\kylin\engine\mr\common\mapreduceutil.java;False;False;0.999;0.001
engine-mr\src\main\java\org\apache\kylin\engine\mr\common\ndcuboidbuilder.java;False;False;0.998;0.002
engine-mr\src\main\java\org\apache\kylin\engine\mr\common\serializableconfiguration.java;False;False;1.0;0.0
engine-mr\src\main\java\org\apache\kylin\engine\mr\common\serializableconfiguration.java;False;False;0.997;0.003
engine-mr\src\main\java\org\apache\kylin\engine\mr\common\statisticsdecisionutil.java;False;False;0.995;0.005
engine-mr\src\main\java\org\apache\kylin\engine\mr\exception\hadoopshellexception.java;False;False;1.0;0.0
engine-mr\src\main\java\org\apache\kylin\engine\mr\exception\mapreduceexception.java;False;False;1.0;0.0
engine-mr\src\main\java\org\apache\kylin\engine\mr\exception\segmentnotfoundexception.java;False;False;1.0;0.0
engine-mr\src\main\java\org\apache\kylin\engine\mr\steps\basecuboidjob.java;False;False;1.0;0.0
engine-mr\src\main\java\org\apache\kylin\engine\mr\steps\basecuboidmapperbase.java;False;False;0.998;0.002
engine-mr\src\main\java\org\apache\kylin\engine\mr\steps\calculatestatsfrombasecuboidjob.java;False;False;0.999;0.001
engine-mr\src\main\java\org\apache\kylin\engine\mr\steps\calculatestatsfrombasecuboidmapper.java;False;False;0.995;0.005
engine-mr\src\main\java\org\apache\kylin\engine\mr\steps\calculatestatsfrombasecuboidpartitioner.java;False;False;0.999;0.001
engine-mr\src\main\java\org\apache\kylin\engine\mr\steps\calculatestatsfrombasecuboidreducer.java;False;False;1.0;0.0
engine-mr\src\main\java\org\apache\kylin\engine\mr\steps\convergecuboiddatapartitioner.java;False;False;0.997;0.003
engine-mr\src\main\java\org\apache\kylin\engine\mr\steps\convergecuboiddatareducer.java;False;False;1.0;0.0
engine-mr\src\main\java\org\apache\kylin\engine\mr\steps\copydictionarystep.java;False;False;0.993;0.007
engine-mr\src\main\java\org\apache\kylin\engine\mr\steps\createdictionaryjob.java;False;False;0.998;0.002
engine-mr\src\main\java\org\apache\kylin\engine\mr\steps\cubingexecutableutil.java;False;False;0.996;0.004
engine-mr\src\main\java\org\apache\kylin\engine\mr\steps\cuboidjob.java;False;False;0.998;0.002
engine-mr\src\main\java\org\apache\kylin\engine\mr\steps\cuboidreducer.java;False;False;0.998;0.002
engine-mr\src\main\java\org\apache\kylin\engine\mr\steps\extractdictionaryfromglobaljob.java;False;False;1.0;0.0
engine-mr\src\main\java\org\apache\kylin\engine\mr\steps\extractdictionaryfromglobalmapper.java;False;False;0.998;0.002
engine-mr\src\main\java\org\apache\kylin\engine\mr\steps\factdistinctcolumnpartitioner.java;False;False;0.999;0.001
engine-mr\src\main\java\org\apache\kylin\engine\mr\steps\factdistinctcolumnscombiner.java;False;False;1.0;0.0
engine-mr\src\main\java\org\apache\kylin\engine\mr\steps\factdistinctcolumnsjob.java;False;False;0.999;0.001
engine-mr\src\main\java\org\apache\kylin\engine\mr\steps\factdistinctcolumnsmapper.java;False;False;0.997;0.003
engine-mr\src\main\java\org\apache\kylin\engine\mr\steps\factdistinctcolumnsmapper.java;False;False;0.999;0.001
engine-mr\src\main\java\org\apache\kylin\engine\mr\steps\factdistinctcolumnsmapper.java;False;False;0.998;0.002
engine-mr\src\main\java\org\apache\kylin\engine\mr\steps\factdistinctcolumnsmapperbase.java;False;False;0.998;0.002
engine-mr\src\main\java\org\apache\kylin\engine\mr\steps\factdistinctcolumnsreducer.java;False;False;0.988;0.012
engine-mr\src\main\java\org\apache\kylin\engine\mr\steps\factdistinctcolumnsreducermapping.java;False;False;0.991;0.009
engine-mr\src\main\java\org\apache\kylin\engine\mr\steps\filterrecommendcuboiddatajob.java;False;False;1.0;0.0
engine-mr\src\main\java\org\apache\kylin\engine\mr\steps\filterrecommendcuboiddatamapper.java;False;False;1.0;0.0
engine-mr\src\main\java\org\apache\kylin\engine\mr\steps\hivetobasecuboidmapper.java;False;False;0.999;0.001
engine-mr\src\main\java\org\apache\kylin\engine\mr\steps\inmemcuboidfrombasecuboidjob.java;False;False;0.997;0.003
engine-mr\src\main\java\org\apache\kylin\engine\mr\steps\inmemcuboidfrombasecuboidmapper.java;False;False;1.0;0.0
engine-mr\src\main\java\org\apache\kylin\engine\mr\steps\inmemcuboidfrombasecuboidmapper.java;False;False;1.0;0.0
engine-mr\src\main\java\org\apache\kylin\engine\mr\steps\inmemcuboidfrombasecuboidreducer.java;False;False;1.0;0.0
engine-mr\src\main\java\org\apache\kylin\engine\mr\steps\inmemcuboidjob.java;False;False;0.997;0.003
engine-mr\src\main\java\org\apache\kylin\engine\mr\steps\inmemcuboidmapper.java;False;False;1.0;0.0
engine-mr\src\main\java\org\apache\kylin\engine\mr\steps\inmemcuboidmapperbase.java;False;False;0.992;0.008
engine-mr\src\main\java\org\apache\kylin\engine\mr\steps\inmemcuboidreducer.java;False;False;0.999;0.001
engine-mr\src\main\java\org\apache\kylin\engine\mr\steps\kvgtrecordwriter.java;False;False;0.999;0.001
engine-mr\src\main\java\org\apache\kylin\engine\mr\steps\mapcontextgtrecordwriter.java;False;False;0.996;0.004
engine-mr\src\main\java\org\apache\kylin\engine\mr\steps\mergecuboidjob.java;False;False;0.999;0.001
engine-mr\src\main\java\org\apache\kylin\engine\mr\steps\mergecuboidmapper.java;False;False;1.0;0.0
engine-mr\src\main\java\org\apache\kylin\engine\mr\steps\mergedictionaryjob.java;False;False;1.0;0.0
engine-mr\src\main\java\org\apache\kylin\engine\mr\steps\mergedictionaryjob.java;False;False;0.999;0.001
engine-mr\src\main\java\org\apache\kylin\engine\mr\steps\mergedictionaryjob.java;False;False;0.995;0.005
engine-mr\src\main\java\org\apache\kylin\engine\mr\steps\mergedictionarymapper.java;False;False;0.918;0.082
engine-mr\src\main\java\org\apache\kylin\engine\mr\steps\mergedictionaryreducer.java;False;False;0.999;0.001
engine-mr\src\main\java\org\apache\kylin\engine\mr\steps\mergedictionarystep.java;False;False;0.994;0.006
engine-mr\src\main\java\org\apache\kylin\engine\mr\steps\mergestatisticsstep.java;False;False;0.979;0.021
engine-mr\src\main\java\org\apache\kylin\engine\mr\steps\mergestatisticswitholdstep.java;False;False;0.988;0.012
engine-mr\src\main\java\org\apache\kylin\engine\mr\steps\metadatacleanupjob.java;False;False;0.97;0.03
engine-mr\src\main\java\org\apache\kylin\engine\mr\steps\ndcuboidjob.java;False;False;1.0;0.0
engine-mr\src\main\java\org\apache\kylin\engine\mr\steps\ndcuboidmapper.java;False;False;0.996;0.004
engine-mr\src\main\java\org\apache\kylin\engine\mr\steps\savestatisticsstep.java;False;False;0.97;0.03
engine-mr\src\main\java\org\apache\kylin\engine\mr\steps\segmentreencoder.java;False;False;0.976;0.024
engine-mr\src\main\java\org\apache\kylin\engine\mr\steps\selfdefinesortablekey.java;False;False;0.998;0.002
engine-mr\src\main\java\org\apache\kylin\engine\mr\steps\uhcdictionaryjob.java;False;False;1.0;0.0
engine-mr\src\main\java\org\apache\kylin\engine\mr\steps\uhcdictionarymapper.java;False;False;1.0;0.0
engine-mr\src\main\java\org\apache\kylin\engine\mr\steps\uhcdictionarypartitioner.java;False;False;0.998;0.002
engine-mr\src\main\java\org\apache\kylin\engine\mr\steps\uhcdictionaryreducer.java;False;False;0.998;0.002
engine-mr\src\main\java\org\apache\kylin\engine\mr\steps\updatecubeinfoafterbuildstep.java;False;False;0.97;0.03
engine-mr\src\main\java\org\apache\kylin\engine\mr\steps\updatecubeinfoaftercheckpointstep.java;False;False;0.999;0.001
engine-mr\src\main\java\org\apache\kylin\engine\mr\steps\updatecubeinfoaftermergestep.java;False;False;0.998;0.002
engine-mr\src\main\java\org\apache\kylin\engine\mr\steps\updatecubeinfoafteroptimizestep.java;False;False;1.0;0.0
engine-mr\src\main\java\org\apache\kylin\engine\mr\steps\updatedictionarystep.java;False;False;0.977;0.023
engine-mr\src\main\java\org\apache\kylin\engine\mr\steps\updateoldcuboidshardjob.java;False;False;1.0;0.0
engine-mr\src\main\java\org\apache\kylin\engine\mr\steps\updateoldcuboidshardmapper.java;False;False;0.999;0.001
engine-mr\src\main\java\org\apache\kylin\engine\mr\steps\filter\uhcdictpathfilter.java;False;False;1.0;0.0
engine-mr\src\main\java\org\apache\kylin\engine\mr\steps\lookup\lookupexecutableutil.java;False;False;0.991;0.009
engine-mr\src\main\java\org\apache\kylin\engine\mr\steps\lookup\lookupsnapshottometastorestep.java;False;False;0.999;0.001
engine-mr\src\main\java\org\apache\kylin\engine\mr\steps\lookup\updatecubeaftersnapshotstep.java;False;False;0.999;0.001
engine-mr\src\main\java\org\apache\kylin\engine\mr\streaming\columntorowjob.java;False;False;1.0;0.0
engine-mr\src\main\java\org\apache\kylin\engine\mr\streaming\columntorowmapper.java;False;False;1.0;0.0
engine-mr\src\main\java\org\apache\kylin\engine\mr\streaming\columntorowreducer.java;False;False;1.0;0.0
engine-mr\src\main\java\org\apache\kylin\engine\mr\streaming\columnarfilesreader.java;False;False;0.999;0.001
engine-mr\src\main\java\org\apache\kylin\engine\mr\streaming\columnarsplitdatainputformat.java;False;False;1.0;0.0
engine-mr\src\main\java\org\apache\kylin\engine\mr\streaming\columnarsplitdatareader.java;False;False;1.0;0.0
engine-mr\src\main\java\org\apache\kylin\engine\mr\streaming\columnarsplitdictinputformat.java;False;False;1.0;0.0
engine-mr\src\main\java\org\apache\kylin\engine\mr\streaming\columnarsplitdictreader.java;False;False;1.0;0.0
engine-mr\src\main\java\org\apache\kylin\engine\mr\streaming\columnarsplitinputformat.java;False;False;0.991;0.009
engine-mr\src\main\java\org\apache\kylin\engine\mr\streaming\columnarsplitreader.java;False;False;1.0;0.0
engine-mr\src\main\java\org\apache\kylin\engine\mr\streaming\dictsreader.java;False;False;1.0;0.0
engine-mr\src\main\java\org\apache\kylin\engine\mr\streaming\mergedictjob.java;False;False;1.0;0.0
engine-mr\src\main\java\org\apache\kylin\engine\mr\streaming\mergedictmapper.java;False;False;1.0;0.0
engine-mr\src\main\java\org\apache\kylin\engine\mr\streaming\mergedictreducer.java;False;False;0.986;0.014
engine-mr\src\main\java\org\apache\kylin\engine\mr\streaming\rowrecord.java;False;False;1.0;0.0
engine-mr\src\main\java\org\apache\kylin\engine\mr\streaming\rowrecordreader.java;True;False;0.998;0.002
engine-mr\src\main\java\org\apache\kylin\engine\mr\streaming\rowrecordreader.java;True;False;0.993;0.007
engine-mr\src\main\java\org\apache\kylin\engine\mr\streaming\savedictstep.java;False;False;0.847;0.153
engine-mr\src\test\java\org\apache\kylin\engine\mr\sortedcolumnreadertest.java;False;False;0.998;0.002
engine-mr\src\test\java\org\apache\kylin\engine\mr\tablereadertest.java;False;False;1.0;0.0
engine-mr\src\test\java\org\apache\kylin\engine\mr\common\defaultx509trustmanagertest.java;False;False;1.0;0.0
engine-mr\src\test\java\org\apache\kylin\engine\mr\common\hadoopcmdoutputtest.java;False;False;1.0;0.0
engine-mr\src\test\java\org\apache\kylin\engine\mr\common\hadoopjobstatuscheckertest.java;False;False;1.0;0.0
engine-mr\src\test\java\org\apache\kylin\engine\mr\common\jobinfoconvertertest.java;False;False;0.995;0.005
engine-mr\src\test\java\org\apache\kylin\engine\mr\common\jobinfoconvertertest.java;False;False;0.997;0.003
engine-mr\src\test\java\org\apache\kylin\engine\mr\common\jobinfoconvertertest.java;False;False;0.999;0.001
engine-mr\src\test\java\org\apache\kylin\engine\mr\common\mapreduceexecutabletest.java;False;False;1.0;0.0
engine-mr\src\test\java\org\apache\kylin\engine\mr\steps\cubereducertest.java;False;False;1.0;0.0
engine-mr\src\test\java\org\apache\kylin\engine\mr\steps\cubereducertest.java;False;False;0.997;0.003
engine-mr\src\test\java\org\apache\kylin\engine\mr\steps\cubesamplingtest.java;False;False;1.0;0.0
engine-mr\src\test\java\org\apache\kylin\engine\mr\steps\dictcoldedupertest.java;False;False;0.997;0.003
engine-mr\src\test\java\org\apache\kylin\engine\mr\steps\factdistinctcolumnsreducermappingtest.java;False;False;1.0;0.0
engine-mr\src\test\java\org\apache\kylin\engine\mr\steps\factdistinctcolumnsreducertest.java;False;False;1.0;0.0
engine-mr\src\test\java\org\apache\kylin\engine\mr\steps\hivetobasecuboidmapperperformancetest.java;False;False;0.998;0.002
engine-mr\src\test\java\org\apache\kylin\engine\mr\steps\lookupmaterializecontexttest.java;False;False;1.0;0.0
engine-mr\src\test\java\org\apache\kylin\engine\mr\steps\mergecuboidjobtest.java;False;False;0.996;0.004
engine-mr\src\test\java\org\apache\kylin\engine\mr\steps\mockupmapcontext.java;False;False;0.991;0.009
engine-mr\src\test\java\org\apache\kylin\engine\mr\steps\ndcuboidjobtest.java;False;False;0.998;0.002
engine-mr\src\test\java\org\apache\kylin\engine\mr\steps\ndcuboidmappertest.java;False;False;0.999;0.001
engine-mr\src\test\java\org\apache\kylin\engine\mr\steps\newcubesamplingmethodtest.java;False;False;0.985;0.015
engine-mr\src\test\java\org\apache\kylin\engine\mr\steps\newcubesamplingmethodtest.java;False;False;0.998;0.002
engine-mr\src\test\java\org\apache\kylin\engine\mr\steps\numberdictionaryforesttest.java;False;False;1.0;0.0
engine-mr\src\test\java\org\apache\kylin\engine\mr\steps\numberdictionaryforesttest.java;False;False;1.0;0.0
engine-mr\src\test\java\org\apache\kylin\engine\mr\steps\selfdefinesortablekeytest.java;False;False;0.998;0.002
engine-mr\src\test\java\org\apache\kylin\engine\mr\steps\lookup\lookupexecutableutiltest.java;False;False;1.0;0.0
engine-spark\src\main\java\org\apache\kylin\engine\spark\isparkinput.java;False;False;1.0;0.0
engine-spark\src\main\java\org\apache\kylin\engine\spark\isparkoutput.java;False;False;1.0;0.0
engine-spark\src\main\java\org\apache\kylin\engine\spark\isparkoutput.java;False;False;0.998;0.002
engine-spark\src\main\java\org\apache\kylin\engine\spark\isparkoutput.java;False;False;1.0;0.0
engine-spark\src\main\java\org\apache\kylin\engine\spark\isparkoutput.java;False;False;1.0;0.0
engine-spark\src\main\java\org\apache\kylin\engine\spark\isparkoutput.java;False;False;0.999;0.001
engine-spark\src\main\java\org\apache\kylin\engine\spark\kylinkryoregistrator.java;False;False;0.986;0.014
engine-spark\src\main\java\org\apache\kylin\engine\spark\kylinsparkjoblistener.java;False;False;1.0;0.0
engine-spark\src\main\java\org\apache\kylin\engine\spark\kylinsparkjoblistener.java;False;False;1.0;0.0
engine-spark\src\main\java\org\apache\kylin\engine\spark\sparkbatchcubingengine2.java;False;False;0.999;0.001
engine-spark\src\main\java\org\apache\kylin\engine\spark\sparkbatchcubingjobbuilder2.java;False;False;0.994;0.006
engine-spark\src\main\java\org\apache\kylin\engine\spark\sparkbatchmergejobbuilder2.java;False;False;0.999;0.001
engine-spark\src\main\java\org\apache\kylin\engine\spark\sparkbuilddictionary.java;False;False;0.928;0.072
engine-spark\src\main\java\org\apache\kylin\engine\spark\sparkbuilddictionary.java;False;False;0.977;0.023
engine-spark\src\main\java\org\apache\kylin\engine\spark\sparkbuilddictionary.java;False;False;0.975;0.025
engine-spark\src\main\java\org\apache\kylin\engine\spark\sparkbuilddictionary.java;False;False;0.963;0.037
engine-spark\src\main\java\org\apache\kylin\engine\spark\sparkcolumncardinality.java;False;False;0.994;0.006
engine-spark\src\main\java\org\apache\kylin\engine\spark\sparkcolumncardinality.java;False;False;0.985;0.015
engine-spark\src\main\java\org\apache\kylin\engine\spark\sparkcubingbylayer.java;False;False;0.998;0.002
engine-spark\src\main\java\org\apache\kylin\engine\spark\sparkcubingbylayer.java;False;False;0.999;0.001
engine-spark\src\main\java\org\apache\kylin\engine\spark\sparkcubingbylayer.java;False;False;0.991;0.009
engine-spark\src\main\java\org\apache\kylin\engine\spark\sparkcubingbylayer.java;False;False;1.0;0.0
engine-spark\src\main\java\org\apache\kylin\engine\spark\sparkcubingbylayer.java;False;False;0.988;0.012
engine-spark\src\main\java\org\apache\kylin\engine\spark\sparkcubingmerge.java;False;False;0.998;0.002
engine-spark\src\main\java\org\apache\kylin\engine\spark\sparkcubingmerge.java;False;False;0.975;0.025
engine-spark\src\main\java\org\apache\kylin\engine\spark\sparkexecutable.java;False;False;0.968;0.032
engine-spark\src\main\java\org\apache\kylin\engine\spark\sparkexecutablefactory.java;False;False;1.0;0.0
engine-spark\src\main\java\org\apache\kylin\engine\spark\sparkexecutablelivy.java;False;False;0.976;0.024
engine-spark\src\main\java\org\apache\kylin\engine\spark\sparkfactdistinct.java;False;False;0.994;0.006
engine-spark\src\main\java\org\apache\kylin\engine\spark\sparkfactdistinct.java;False;False;0.988;0.012
engine-spark\src\main\java\org\apache\kylin\engine\spark\sparkfactdistinct.java;False;False;0.999;0.001
engine-spark\src\main\java\org\apache\kylin\engine\spark\sparkfactdistinct.java;False;False;0.992;0.008
engine-spark\src\main\java\org\apache\kylin\engine\spark\sparkfactdistinct.java;False;False;0.978;0.022
engine-spark\src\main\java\org\apache\kylin\engine\spark\sparkmergingdictionary.java;False;False;0.995;0.005
engine-spark\src\main\java\org\apache\kylin\engine\spark\sparkmergingdictionary.java;False;False;0.957;0.043
engine-spark\src\main\java\org\apache\kylin\engine\spark\sparkutil.java;False;False;0.996;0.004
engine-spark\src\main\java\org\apache\kylin\engine\spark\exception\sparkexception.java;False;False;1.0;0.0
engine-spark\src\main\java\org\apache\kylin\engine\spark\util\iteratorutils.java;False;False;0.996;0.004
engine-spark\src\main\java\org\apache\kylin\engine\spark\util\percentilecounterserializer.java;False;False;0.996;0.004
engine-spark\src\test\java\org\apache\kylin\engine\spark\util\iteratorutilstest.java;False;False;1.0;0.0
engine-spark\src\test\java\org\apache\kylin\engine\spark\util\kyromappinggenerator.java;False;False;1.0;0.0
engine-spark\src\test\java\org\apache\kylin\engine\spark\util\percentileserializertest.java;False;False;1.0;0.0
jdbc\src\main\java\org\apache\kylin\jdbc\driver.java;False;False;0.999;0.001
jdbc\src\main\java\org\apache\kylin\jdbc\iremoteclient.java;False;False;0.999;0.001
jdbc\src\main\java\org\apache\kylin\jdbc\iremoteclient.java;False;False;1.0;0.0
jdbc\src\main\java\org\apache\kylin\jdbc\jdbcfactory.java;False;False;1.0;0.0
jdbc\src\main\java\org\apache\kylin\jdbc\kylinclient.java;False;False;0.968;0.032
jdbc\src\main\java\org\apache\kylin\jdbc\kylinconnection.java;False;False;0.999;0.001
jdbc\src\main\java\org\apache\kylin\jdbc\kylinconnectioninfo.java;False;False;1.0;0.0
jdbc\src\main\java\org\apache\kylin\jdbc\kylinjdbcfactory.java;False;False;0.995;0.005
jdbc\src\main\java\org\apache\kylin\jdbc\kylinjdbcfactory.java;False;False;1.0;0.0
jdbc\src\main\java\org\apache\kylin\jdbc\kylinjdbcfactory.java;False;False;1.0;0.0
jdbc\src\main\java\org\apache\kylin\jdbc\kylinmeta.java;False;False;1.0;0.0
jdbc\src\main\java\org\apache\kylin\jdbc\kylinmeta.java;False;False;1.0;0.0
jdbc\src\main\java\org\apache\kylin\jdbc\kylinmeta.java;False;False;1.0;0.0
jdbc\src\main\java\org\apache\kylin\jdbc\kylinmeta.java;False;False;1.0;0.0
jdbc\src\main\java\org\apache\kylin\jdbc\kylinmeta.java;False;False;1.0;0.0
jdbc\src\main\java\org\apache\kylin\jdbc\kylinmeta.java;False;False;0.997;0.003
jdbc\src\main\java\org\apache\kylin\jdbc\kylinmeta.java;False;False;1.0;0.0
jdbc\src\main\java\org\apache\kylin\jdbc\kylinpreparedstatement.java;False;False;0.997;0.003
jdbc\src\main\java\org\apache\kylin\jdbc\kylinresultset.java;False;False;0.994;0.006
jdbc\src\main\java\org\apache\kylin\jdbc\kylinstatement.java;False;False;0.999;0.001
jdbc\src\main\java\org\apache\kylin\jdbc\remoteclientfactory.java;False;False;0.999;0.001
jdbc\src\main\java\org\apache\kylin\jdbc\json\preparedqueryrequest.java;False;False;1.0;0.0
jdbc\src\main\java\org\apache\kylin\jdbc\json\queryrequest.java;False;False;0.999;0.001
jdbc\src\main\java\org\apache\kylin\jdbc\json\sqlresponsestub.java;False;False;0.994;0.006
jdbc\src\main\java\org\apache\kylin\jdbc\json\sqlresponsestub.java;False;False;0.989;0.011
jdbc\src\main\java\org\apache\kylin\jdbc\json\statementparameter.java;False;False;1.0;0.0
jdbc\src\main\java\org\apache\kylin\jdbc\json\tablemetastub.java;False;False;0.991;0.009
jdbc\src\main\java\org\apache\kylin\jdbc\json\tablemetastub.java;False;False;0.987;0.013
jdbc\src\test\java\org\apache\kylin\jdbc\drivertest.java;False;False;0.998;0.002
jdbc\src\test\java\org\apache\kylin\jdbc\dummyclient.java;False;False;0.999;0.001
jdbc\src\test\java\org\apache\kylin\jdbc\dummydriver.java;False;False;0.999;0.001
jdbc\src\test\java\org\apache\kylin\jdbc\dummyjdbcfactory.java;False;False;1.0;0.0
jdbc\src\test\java\org\apache\kylin\jdbc\kylinclienttest.java;False;False;1.0;0.0
jdbc\src\test\java\org\apache\kylin\jdbc\kylinconnectiontest.java;False;False;0.988;0.012
jdbc\src\test\java\org\apache\kylin\jdbc\sqlresonsestubtest.java;False;False;0.99;0.01
jdbc\src\test\java\org\apache\kylin\jdbc\testutil.java;False;False;0.996;0.004
kylin-it\src\test\java\org\apache\kylin\cube\itdictionarymanagertest.java;False;False;1.0;0.0
kylin-it\src\test\java\org\apache\kylin\cube\itdictionarymanagertest.java;False;False;1.0;0.0
kylin-it\src\test\java\org\apache\kylin\cube\cuboid\algorithm\italgorithmtestbase.java;False;False;0.993;0.007
kylin-it\src\test\java\org\apache\kylin\cube\cuboid\algorithm\itgeneticalgorithmtest.java;False;False;1.0;0.0
kylin-it\src\test\java\org\apache\kylin\cube\cuboid\algorithm\itgreedyalgorithmtest.java;False;False;1.0;0.0
kylin-it\src\test\java\org\apache\kylin\cube\inmemcubing\itdoggedcubebuilderstresstest.java;False;False;1.0;0.0
kylin-it\src\test\java\org\apache\kylin\cube\inmemcubing\itdoggedcubebuilderstresstest.java;False;False;1.0;0.0
kylin-it\src\test\java\org\apache\kylin\cube\inmemcubing\itdoggedcubebuildertest.java;False;False;1.0;0.0
kylin-it\src\test\java\org\apache\kylin\cube\inmemcubing\itdoggedcubebuildertest.java;False;False;0.998;0.002
kylin-it\src\test\java\org\apache\kylin\cube\inmemcubing\itinmemcubebuildertest.java;False;False;1.0;0.0
kylin-it\src\test\java\org\apache\kylin\cube\inmemcubing\itinmemcubebuildertest.java;False;False;0.999;0.001
kylin-it\src\test\java\org\apache\kylin\dict\itglobaldictionarybuildertest.java;False;False;1.0;0.0
kylin-it\src\test\java\org\apache\kylin\dict\itglobaldictionarybuildertest.java;False;False;1.0;0.0
kylin-it\src\test\java\org\apache\kylin\dict\itglobaldictionarybuildertest.java;False;False;1.0;0.0
kylin-it\src\test\java\org\apache\kylin\jdbc\itjdbcdrivertest.java;False;False;0.999;0.001
kylin-it\src\test\java\org\apache\kylin\jdbc\itjdbcdrivertest.java;False;False;1.0;0.0
kylin-it\src\test\java\org\apache\kylin\job\basetestdistributedscheduler.java;False;False;0.997;0.003
kylin-it\src\test\java\org\apache\kylin\job\itdistributedschedulerbasetest.java;False;False;1.0;0.0
kylin-it\src\test\java\org\apache\kylin\job\itdistributedschedulertakeovertest.java;False;False;1.0;0.0
kylin-it\src\test\java\org\apache\kylin\provision\buildcubewithengine.java;False;False;0.987;0.013
kylin-it\src\test\java\org\apache\kylin\provision\buildcubewithengine.java;False;False;0.998;0.002
kylin-it\src\test\java\org\apache\kylin\provision\buildcubewithstream.java;False;False;0.99;0.01
kylin-it\src\test\java\org\apache\kylin\provision\buildcubewithstream.java;False;False;0.998;0.002
kylin-it\src\test\java\org\apache\kylin\provision\buildcubewithstream.java;False;False;0.999;0.001
kylin-it\src\test\java\org\apache\kylin\provision\mockkafka.java;False;False;1.0;0.0
kylin-it\src\test\java\org\apache\kylin\provision\mockkafka.java;False;False;1.0;0.0
kylin-it\src\test\java\org\apache\kylin\provision\networkutils.java;False;False;1.0;0.0
kylin-it\src\test\java\org\apache\kylin\provision\provisionwithoutbuild.java;False;False;1.0;0.0
kylin-it\src\test\java\org\apache\kylin\query\comparequerybysuffix.java;False;False;0.973;0.027
kylin-it\src\test\java\org\apache\kylin\query\h2database.java;False;False;1.0;0.0
kylin-it\src\test\java\org\apache\kylin\query\hackeddbunitassert.java;False;False;0.999;0.001
kylin-it\src\test\java\org\apache\kylin\query\hackeddbunitassert.java;False;False;0.998;0.002
kylin-it\src\test\java\org\apache\kylin\query\icomparequerytranslator.java;False;False;0.975;0.025
kylin-it\src\test\java\org\apache\kylin\query\itcombinationtest.java;False;False;0.998;0.002
kylin-it\src\test\java\org\apache\kylin\query\itfailfastquerytest.java;False;False;1.0;0.0
kylin-it\src\test\java\org\apache\kylin\query\itkylinquerytest.java;False;False;0.967;0.033
kylin-it\src\test\java\org\apache\kylin\query\itmassinquerytest.java;False;False;1.0;0.0
kylin-it\src\test\java\org\apache\kylin\query\kylintestbase.java;False;False;1.0;0.0
kylin-it\src\test\java\org\apache\kylin\query\kylintestbase.java;False;False;0.997;0.003
kylin-it\src\test\java\org\apache\kylin\query\kylintestbase.java;False;False;1.0;0.0
kylin-it\src\test\java\org\apache\kylin\query\kylintestbase.java;False;False;1.0;0.0
kylin-it\src\test\java\org\apache\kylin\realtime\buildcubewithstreamv2.java;False;False;0.993;0.007
kylin-it\src\test\java\org\apache\kylin\realtime\buildcubewithstreamv2.java;False;False;0.999;0.001
kylin-it\src\test\java\org\apache\kylin\restclient\itrestclienttest.java;False;False;0.992;0.008
kylin-it\src\test\java\org\apache\kylin\restclient\itrestclienttest.java;False;False;0.995;0.005
kylin-it\src\test\java\org\apache\kylin\source\sourcemanagertest.java;False;False;1.0;0.0
kylin-it\src\test\java\org\apache\kylin\source\hive\ithivesourcetableloadertest.java;False;False;1.0;0.0
kylin-it\src\test\java\org\apache\kylin\source\hive\ithivetablereadertest.java;False;False;1.0;0.0
kylin-it\src\test\java\org\apache\kylin\source\hive\itsnapshotmanagertest.java;False;False;0.999;0.001
kylin-it\src\test\java\org\apache\kylin\source\jdbc\itjdbcsourcetableloadertest.java;False;False;1.0;0.0
kylin-it\src\test\java\org\apache\kylin\source\jdbc\itjdbctablereadertest.java;False;False;1.0;0.0
kylin-it\src\test\java\org\apache\kylin\storage\hbase\itacltablemigrationtooltest.java;False;False;0.999;0.001
kylin-it\src\test\java\org\apache\kylin\storage\hbase\ithbaseresourcestoretest.java;False;False;0.999;0.001
kylin-it\src\test\java\org\apache\kylin\storage\hbase\ithdfsopstest.java;False;False;1.0;0.0
kylin-it\src\test\java\org\apache\kylin\storage\hbase\itstoragetest.java;True;False;0.999;0.001
kylin-it\src\test\java\org\apache\kylin\storage\hbase\itzookeeperdistributedlocktest.java;False;False;0.999;0.001
kylin-it\src\test\java\org\apache\kylin\storage\hbase\itzookeeperdistributedlocktest.java;False;False;1.0;0.0
kylin-it\src\test\java\org\apache\kylin\storage\hdfs\ithdfsresourcestoretest.java;False;False;1.0;0.0
kylin-it\src\test\java\org\apache\kylin\storage\jdbc\itjdbcresourcestoretest.java;False;False;0.999;0.001
kylin-it\src\test\java\org\apache\kylin\storage\jdbc\itjdbcresourcestoretest.java;False;False;0.999;0.001
metrics-reporter-hive\src\main\java\org\apache\kylin\metrics\lib\impl\hive\hiveproducer.java;True;True;0.468;0.532
metrics-reporter-hive\src\main\java\org\apache\kylin\metrics\lib\impl\hive\hiveproducerrecord.java;False;False;0.992;0.008
metrics-reporter-hive\src\main\java\org\apache\kylin\metrics\lib\impl\hive\hiveproducerrecord.java;False;False;0.996;0.004
metrics-reporter-hive\src\main\java\org\apache\kylin\metrics\lib\impl\hive\hivereservoirreporter.java;False;False;1.0;0.0
metrics-reporter-hive\src\main\java\org\apache\kylin\metrics\lib\impl\hive\hivereservoirreporter.java;False;False;0.998;0.002
metrics-reporter-hive\src\main\java\org\apache\kylin\metrics\lib\impl\hive\hivereservoirreporter.java;False;False;1.0;0.0
metrics-reporter-hive\src\main\java\org\apache\kylin\metrics\lib\impl\hive\hivesink.java;False;False;1.0;0.0
metrics-reporter-kafka\src\main\java\org\apache\kylin\metrics\lib\impl\kafka\kafkaactivereserviorlistener.java;False;False;1.0;0.0
metrics-reporter-kafka\src\main\java\org\apache\kylin\metrics\lib\impl\kafka\kafkaactivereserviorlistener.java;False;False;1.0;0.0
metrics-reporter-kafka\src\main\java\org\apache\kylin\metrics\lib\impl\kafka\kafkareservoirreporter.java;False;False;1.0;0.0
metrics-reporter-kafka\src\main\java\org\apache\kylin\metrics\lib\impl\kafka\kafkareservoirreporter.java;False;False;0.999;0.001
metrics-reporter-kafka\src\main\java\org\apache\kylin\metrics\lib\impl\kafka\kafkareservoirreporter.java;False;False;0.999;0.001
metrics-reporter-kafka\src\main\java\org\apache\kylin\metrics\lib\impl\kafka\kafkasink.java;False;False;1.0;0.0
query\src\main\java\org\apache\kylin\query\querycli.java;False;False;0.998;0.002
query\src\main\java\org\apache\kylin\query\queryconnection.java;False;False;1.0;0.0
query\src\main\java\org\apache\kylin\query\adhoc\jdbcpushdownconnectionmanager.java;False;False;0.996;0.004
query\src\main\java\org\apache\kylin\query\adhoc\pushdownrunnerjdbcimpl.java;False;False;0.992;0.008
query\src\main\java\org\apache\kylin\query\calcite\kylinreldatatypesystem.java;False;False;0.996;0.004
query\src\main\java\org\apache\kylin\query\enumerator\dictionaryenumerator.java;False;False;0.999;0.001
query\src\main\java\org\apache\kylin\query\enumerator\hiveenumerator.java;False;False;0.993;0.007
query\src\main\java\org\apache\kylin\query\enumerator\lookuptableenumerator.java;False;False;1.0;0.0
query\src\main\java\org\apache\kylin\query\enumerator\olapenumerator.java;True;False;0.993;0.007
query\src\main\java\org\apache\kylin\query\enumerator\olapquery.java;False;False;1.0;0.0
query\src\main\java\org\apache\kylin\query\enumerator\olapquery.java;False;False;1.0;0.0
query\src\main\java\org\apache\kylin\query\optrule\aggregatemultipleexpandrule.java;False;False;0.999;0.001
query\src\main\java\org\apache\kylin\query\optrule\aggregateprojectreducerule.java;False;False;0.999;0.001
query\src\main\java\org\apache\kylin\query\optrule\olapaggregaterule.java;False;False;0.997;0.003
query\src\main\java\org\apache\kylin\query\optrule\olapfilterrule.java;False;False;0.999;0.001
query\src\main\java\org\apache\kylin\query\optrule\olapjoinrule.java;False;False;0.988;0.012
query\src\main\java\org\apache\kylin\query\optrule\olaplimitrule.java;False;False;1.0;0.0
query\src\main\java\org\apache\kylin\query\optrule\olapprojectrule.java;False;False;0.995;0.005
query\src\main\java\org\apache\kylin\query\optrule\olapsortrule.java;False;False;0.999;0.001
query\src\main\java\org\apache\kylin\query\optrule\olaptoenumerableconverterrule.java;False;False;1.0;0.0
query\src\main\java\org\apache\kylin\query\optrule\olapunionrule.java;False;False;1.0;0.0
query\src\main\java\org\apache\kylin\query\optrule\olapvaluesrule.java;False;False;1.0;0.0
query\src\main\java\org\apache\kylin\query\optrule\olapwindowrule.java;False;False;0.995;0.005
query\src\main\java\org\apache\kylin\query\pushdown\pushdownrunnersdkimpl.java;False;False;1.0;0.0
query\src\main\java\org\apache\kylin\query\relnode\columnrowtype.java;False;False;0.994;0.006
query\src\main\java\org\apache\kylin\query\relnode\kylinaggregatecall.java;False;False;1.0;0.0
query\src\main\java\org\apache\kylin\query\relnode\kylinenumerableunion.java;False;False;0.999;0.001
query\src\main\java\org\apache\kylin\query\relnode\olapaggregaterel.java;False;False;0.979;0.021
query\src\main\java\org\apache\kylin\query\relnode\olapauthentication.java;False;False;1.0;0.0
query\src\main\java\org\apache\kylin\query\relnode\olapcontext.java;True;False;1.0;0.0
query\src\main\java\org\apache\kylin\query\relnode\olapcontext.java;True;False;1.0;0.0
query\src\main\java\org\apache\kylin\query\relnode\olapcontext.java;True;False;0.999;0.001
query\src\main\java\org\apache\kylin\query\relnode\olapfilterrel.java;False;False;0.996;0.004
query\src\main\java\org\apache\kylin\query\relnode\olapjoinrel.java;False;False;0.993;0.007
query\src\main\java\org\apache\kylin\query\relnode\olaplimitrel.java;False;False;0.995;0.005
query\src\main\java\org\apache\kylin\query\relnode\olapprojectrel.java;True;False;0.967;0.033
query\src\main\java\org\apache\kylin\query\relnode\olaprel.java;False;False;1.0;0.0
query\src\main\java\org\apache\kylin\query\relnode\olaprel.java;False;False;0.997;0.003
query\src\main\java\org\apache\kylin\query\relnode\olaprel.java;False;False;0.98;0.02
query\src\main\java\org\apache\kylin\query\relnode\olaprel.java;False;False;0.998;0.002
query\src\main\java\org\apache\kylin\query\relnode\olaprel.java;False;False;0.992;0.008
query\src\main\java\org\apache\kylin\query\relnode\olapsortrel.java;False;False;0.996;0.004
query\src\main\java\org\apache\kylin\query\relnode\olapsortrel.java;False;False;0.999;0.001
query\src\main\java\org\apache\kylin\query\relnode\olaptablescan.java;False;False;0.995;0.005
query\src\main\java\org\apache\kylin\query\relnode\olaptoenumerableconverter.java;False;False;0.999;0.001
query\src\main\java\org\apache\kylin\query\relnode\olapunionrel.java;False;False;0.997;0.003
query\src\main\java\org\apache\kylin\query\relnode\olapvaluesrel.java;False;False;0.991;0.009
query\src\main\java\org\apache\kylin\query\relnode\olapwindowrel.java;False;False;0.999;0.001
query\src\main\java\org\apache\kylin\query\relnode\visitor\tupleexpressionvisitor.java;False;False;0.999;0.001
query\src\main\java\org\apache\kylin\query\relnode\visitor\tupleexpressionvisitor.java;False;False;0.994;0.006
query\src\main\java\org\apache\kylin\query\relnode\visitor\tuplefiltervisitor.java;False;False;0.989;0.011
query\src\main\java\org\apache\kylin\query\routing\candidate.java;False;False;0.999;0.001
query\src\main\java\org\apache\kylin\query\routing\queryrouter.java;False;False;1.0;0.0
query\src\main\java\org\apache\kylin\query\routing\realizationcheck.java;False;False;0.979;0.021
query\src\main\java\org\apache\kylin\query\routing\realizationcheck.java;False;False;0.988;0.012
query\src\main\java\org\apache\kylin\query\routing\realizationcheck.java;False;False;0.985;0.015
query\src\main\java\org\apache\kylin\query\routing\realizationchooser.java;False;False;0.987;0.013
query\src\main\java\org\apache\kylin\query\routing\realizationchooser.java;False;False;0.996;0.004
query\src\main\java\org\apache\kylin\query\routing\routingrule.java;False;False;1.0;0.0
query\src\main\java\org\apache\kylin\query\routing\rules\realizationsortrule.java;False;False;1.0;0.0
query\src\main\java\org\apache\kylin\query\routing\rules\removeblackoutrealizationsrule.java;False;False;0.999;0.001
query\src\main\java\org\apache\kylin\query\routing\rules\removeuncapablerealizationsrule.java;False;False;1.0;0.0
query\src\main\java\org\apache\kylin\query\schema\olapschema.java;False;False;0.999;0.001
query\src\main\java\org\apache\kylin\query\schema\olapschemafactory.java;False;False;1.0;0.0
query\src\main\java\org\apache\kylin\query\schema\olaptable.java;False;False;0.997;0.003
query\src\main\java\org\apache\kylin\query\security\accessdeniedexception.java;False;False;1.0;0.0
query\src\main\java\org\apache\kylin\query\security\queryacltestutil.java;False;False;0.993;0.007
query\src\main\java\org\apache\kylin\query\security\queryinterceptor.java;False;False;0.995;0.005
query\src\main\java\org\apache\kylin\query\security\queryinterceptorutil.java;False;False;0.993;0.007
query\src\main\java\org\apache\kylin\query\security\tablelevelacl.java;False;False;1.0;0.0
query\src\main\java\org\apache\kylin\query\udf\concatudf.java;False;False;1.0;0.0
query\src\main\java\org\apache\kylin\query\udf\massinudf.java;False;False;1.0;0.0
query\src\main\java\org\apache\kylin\query\udf\versionudf.java;False;False;1.0;0.0
query\src\main\java\org\apache\kylin\query\util\defaultquerytransformer.java;False;False;0.974;0.026
query\src\main\java\org\apache\kylin\query\util\keyworddefaultdirtyhack.java;False;False;0.997;0.003
query\src\main\java\org\apache\kylin\query\util\pushdownutil.java;True;False;0.998;0.002
query\src\main\java\org\apache\kylin\query\util\pushdownutil.java;True;False;0.987;0.013
query\src\main\java\org\apache\kylin\query\util\queryinfocollector.java;False;False;1.0;0.0
query\src\main\java\org\apache\kylin\query\util\queryutil.java;True;False;0.998;0.002
query\src\main\java\org\apache\kylin\query\util\rexutil.java;False;False;1.0;0.0
query\src\main\java\org\apache\kylin\query\util\tempstatementutil.java;False;False;0.999;0.001
query\src\test\java\org\apache\kylin\query\queryconnectiontest.java;False;False;1.0;0.0
query\src\test\java\org\apache\kylin\query\aggregate\dimcountdistinctaggfunctest.java;False;False;1.0;0.0
query\src\test\java\org\apache\kylin\query\calcite\kylinreldatatypesystemtest.java;False;False;0.997;0.003
query\src\test\java\org\apache\kylin\query\relnode\visitor\tuplefiltervisitortest.java;False;False;1.0;0.0
query\src\test\java\org\apache\kylin\query\routing\realizationchecktest.java;False;False;1.0;0.0
query\src\test\java\org\apache\kylin\query\schema\olaptabletest.java;False;False;1.0;0.0
query\src\test\java\org\apache\kylin\query\udf\versionudftest.java;False;False;1.0;0.0
query\src\test\java\org\apache\kylin\query\util\defaultquerytransformertest.java;False;False;0.999;0.001
query\src\test\java\org\apache\kylin\query\util\keyworddefaultdirtyhacktest.java;False;False;0.998;0.002
query\src\test\java\org\apache\kylin\query\util\pushdownutiltest.java;True;False;0.991;0.009
query\src\test\java\org\apache\kylin\query\util\queryutiltest.java;False;False;0.991;0.009
query\src\test\java\org\apache\kylin\query\util\tempstatementutiltest.java;False;False;0.997;0.003
server-base\src\main\java\org\apache\kylin\rest\broadcaster\broadcasterreceiveservlet.java;False;False;0.999;0.001
server-base\src\main\java\org\apache\kylin\rest\constant\constant.java;False;False;1.0;0.0
server-base\src\main\java\org\apache\kylin\rest\controller\accesscontroller.java;False;False;0.969;0.031
server-base\src\main\java\org\apache\kylin\rest\controller\admincontroller.java;False;False;0.985;0.015
server-base\src\main\java\org\apache\kylin\rest\controller\basiccontroller.java;False;False;0.985;0.015
server-base\src\main\java\org\apache\kylin\rest\controller\cachecontroller.java;False;False;0.987;0.013
server-base\src\main\java\org\apache\kylin\rest\controller\cubecontroller.java;False;False;0.911;0.089
server-base\src\main\java\org\apache\kylin\rest\controller\cubedesccontroller.java;False;False;0.988;0.012
server-base\src\main\java\org\apache\kylin\rest\controller\dashboardcontroller.java;False;False;0.996;0.004
server-base\src\main\java\org\apache\kylin\rest\controller\diagnosiscontroller.java;False;False;0.993;0.007
server-base\src\main\java\org\apache\kylin\rest\controller\encodingcontroller.java;False;False;1.0;0.0
server-base\src\main\java\org\apache\kylin\rest\controller\externalfiltercontroller.java;False;False;0.997;0.003
server-base\src\main\java\org\apache\kylin\rest\controller\hybridcontroller.java;False;False;0.989;0.011
server-base\src\main\java\org\apache\kylin\rest\controller\jobcontroller.java;True;False;0.715;0.285
server-base\src\main\java\org\apache\kylin\rest\controller\kylinusergroupcontroller.java;False;False;0.999;0.001
server-base\src\main\java\org\apache\kylin\rest\controller\modelcontroller.java;True;False;0.995;0.005
server-base\src\main\java\org\apache\kylin\rest\controller\modeldesccontroller.java;False;False;0.99;0.01
server-base\src\main\java\org\apache\kylin\rest\controller\projectcontroller.java;False;False;0.995;0.005
server-base\src\main\java\org\apache\kylin\rest\controller\querycontroller.java;False;False;0.971;0.029
server-base\src\main\java\org\apache\kylin\rest\controller\servicediscoverystatecontroller.java;True;False;1.0;0.0
server-base\src\main\java\org\apache\kylin\rest\controller\servicediscoverystatecontroller.java;True;False;0.991;0.009
server-base\src\main\java\org\apache\kylin\rest\controller\streamingcontroller.java;False;False;0.988;0.012
server-base\src\main\java\org\apache\kylin\rest\controller\streamingcoordinatorcontroller.java;False;False;0.977;0.023
server-base\src\main\java\org\apache\kylin\rest\controller\streamingv2controller.java;True;False;0.984;0.016
server-base\src\main\java\org\apache\kylin\rest\controller\tableaclcontroller.java;False;False;0.998;0.002
server-base\src\main\java\org\apache\kylin\rest\controller\tablecontroller.java;False;False;0.993;0.007
server-base\src\main\java\org\apache\kylin\rest\controller\usercontroller.java;False;False;0.989;0.011
server-base\src\main\java\org\apache\kylin\rest\exception\badrequestexception.java;False;False;0.998;0.002
server-base\src\main\java\org\apache\kylin\rest\exception\forbiddenexception.java;False;False;1.0;0.0
server-base\src\main\java\org\apache\kylin\rest\exception\internalerrorexception.java;False;False;1.0;0.0
server-base\src\main\java\org\apache\kylin\rest\exception\notfoundexception.java;False;False;1.0;0.0
server-base\src\main\java\org\apache\kylin\rest\exception\toomanyrequestexception.java;False;False;0.999;0.001
server-base\src\main\java\org\apache\kylin\rest\exception\unauthorizedexception.java;False;False;1.0;0.0
server-base\src\main\java\org\apache\kylin\rest\init\clientinfotask.java;False;False;0.995;0.005
server-base\src\main\java\org\apache\kylin\rest\init\initialtask.java;False;False;1.0;0.0
server-base\src\main\java\org\apache\kylin\rest\init\initialtaskmanager.java;False;False;0.998;0.002
server-base\src\main\java\org\apache\kylin\rest\job\hybridcubecli.java;False;False;0.993;0.007
server-base\src\main\java\org\apache\kylin\rest\job\kylinhealthcheckjob.java;True;False;0.973;0.027
server-base\src\main\java\org\apache\kylin\rest\job\metadatacleanupjob.java;False;False;0.981;0.019
server-base\src\main\java\org\apache\kylin\rest\job\storagecleanjobhbaseutil.java;False;False;0.998;0.002
server-base\src\main\java\org\apache\kylin\rest\job\storagecleanjobhbaseutil.java;False;False;0.995;0.005
server-base\src\main\java\org\apache\kylin\rest\job\storagecleanupjob.java;False;False;0.981;0.019
server-base\src\main\java\org\apache\kylin\rest\job\storagecleanupjob.java;False;False;0.991;0.009
server-base\src\main\java\org\apache\kylin\rest\metrics\querymetrics.java;False;False;0.999;0.001
server-base\src\main\java\org\apache\kylin\rest\metrics\querymetrics2facade.java;False;False;1.0;0.0
server-base\src\main\java\org\apache\kylin\rest\metrics\querymetricsfacade.java;True;False;0.988;0.012
server-base\src\main\java\org\apache\kylin\rest\model\query.java;False;False;0.986;0.014
server-base\src\main\java\org\apache\kylin\rest\msg\cnmessage.java;False;False;0.966;0.034
server-base\src\main\java\org\apache\kylin\rest\msg\message.java;False;False;0.957;0.043
server-base\src\main\java\org\apache\kylin\rest\msg\msgpicker.java;False;False;0.999;0.001
server-base\src\main\java\org\apache\kylin\rest\request\accessrequest.java;False;False;0.999;0.001
server-base\src\main\java\org\apache\kylin\rest\request\asyncquerysqlrequest.java;False;False;0.998;0.002
server-base\src\main\java\org\apache\kylin\rest\request\cardinalityrequest.java;False;False;0.995;0.005
server-base\src\main\java\org\apache\kylin\rest\request\cubemigrationrequest.java;False;False;1.0;0.0
server-base\src\main\java\org\apache\kylin\rest\request\cuberequest.java;False;False;0.993;0.007
server-base\src\main\java\org\apache\kylin\rest\request\cubesegmentrequest.java;False;False;0.994;0.006
server-base\src\main\java\org\apache\kylin\rest\request\externalfilterrequest.java;False;False;0.999;0.001
server-base\src\main\java\org\apache\kylin\rest\request\hivetablerequest.java;False;False;1.0;0.0
server-base\src\main\java\org\apache\kylin\rest\request\hivetablerequestv2.java;False;False;0.977;0.023
server-base\src\main\java\org\apache\kylin\rest\request\hybridrequest.java;False;False;0.99;0.01
server-base\src\main\java\org\apache\kylin\rest\request\jobbuildrequest.java;False;False;0.954;0.046
server-base\src\main\java\org\apache\kylin\rest\request\jobbuildrequest2.java;False;False;0.995;0.005
server-base\src\main\java\org\apache\kylin\rest\request\joblistrequest.java;False;False;0.996;0.004
server-base\src\main\java\org\apache\kylin\rest\request\joboptimizerequest.java;False;False;1.0;0.0
server-base\src\main\java\org\apache\kylin\rest\request\lookupsnapshotbuildrequest.java;False;False;1.0;0.0
server-base\src\main\java\org\apache\kylin\rest\request\metarequest.java;False;False;1.0;0.0
server-base\src\main\java\org\apache\kylin\rest\request\metricsrequest.java;False;False;1.0;0.0
server-base\src\main\java\org\apache\kylin\rest\request\modelrequest.java;False;False;0.995;0.005
server-base\src\main\java\org\apache\kylin\rest\request\passwdchangerequest.java;False;False;1.0;0.0
server-base\src\main\java\org\apache\kylin\rest\request\preparesqlrequest.java;False;False;1.0;0.0
server-base\src\main\java\org\apache\kylin\rest\request\preparesqlrequest.java;False;False;1.0;0.0
server-base\src\main\java\org\apache\kylin\rest\request\projectrequest.java;False;False;0.997;0.003
server-base\src\main\java\org\apache\kylin\rest\request\sqlrequest.java;False;False;0.978;0.022
server-base\src\main\java\org\apache\kylin\rest\request\savesqlrequest.java;False;False;0.998;0.002
server-base\src\main\java\org\apache\kylin\rest\request\streamingrequest.java;False;False;0.984;0.016
server-base\src\main\java\org\apache\kylin\rest\request\streamingrequestv2.java;False;False;0.995;0.005
server-base\src\main\java\org\apache\kylin\rest\request\updateconfigrequest.java;False;False;1.0;0.0
server-base\src\main\java\org\apache\kylin\rest\response\accessentryresponse.java;False;False;1.0;0.0
server-base\src\main\java\org\apache\kylin\rest\response\cubeinstanceresponse.java;False;False;0.984;0.016
server-base\src\main\java\org\apache\kylin\rest\response\cuboidtreeresponse.java;False;False;0.998;0.002
server-base\src\main\java\org\apache\kylin\rest\response\cuboidtreeresponse.java;False;False;0.997;0.003
server-base\src\main\java\org\apache\kylin\rest\response\datamodeldescresponse.java;False;False;0.97;0.03
server-base\src\main\java\org\apache\kylin\rest\response\enveloperesponse.java;False;False;1.0;0.0
server-base\src\main\java\org\apache\kylin\rest\response\errorresponse.java;False;False;1.0;0.0
server-base\src\main\java\org\apache\kylin\rest\response\generalresponse.java;False;False;1.0;0.0
server-base\src\main\java\org\apache\kylin\rest\response\hbaseresponse.java;False;False;0.989;0.011
server-base\src\main\java\org\apache\kylin\rest\response\hybridrespone.java;False;False;1.0;0.0
server-base\src\main\java\org\apache\kylin\rest\response\metricsresponse.java;False;False;1.0;0.0
server-base\src\main\java\org\apache\kylin\rest\response\responsecode.java;False;False;1.0;0.0
server-base\src\main\java\org\apache\kylin\rest\response\sqlresponse.java;False;False;0.989;0.011
server-base\src\main\java\org\apache\kylin\rest\response\sqlresponse.java;False;False;0.994;0.006
server-base\src\main\java\org\apache\kylin\rest\response\tabledescresponse.java;False;False;0.999;0.001
server-base\src\main\java\org\apache\kylin\rest\response\tablesnapshotresponse.java;False;False;0.996;0.004
server-base\src\main\java\org\apache\kylin\rest\security\aclconstant.java;False;False;1.0;0.0
server-base\src\main\java\org\apache\kylin\rest\security\aclentityfactory.java;False;False;1.0;0.0
server-base\src\main\java\org\apache\kylin\rest\security\aclentitytype.java;False;False;1.0;0.0
server-base\src\main\java\org\apache\kylin\rest\security\aclpermission.java;False;False;1.0;0.0
server-base\src\main\java\org\apache\kylin\rest\security\aclpermissionfactory.java;False;False;0.998;0.002
server-base\src\main\java\org\apache\kylin\rest\security\aclpermissiontype.java;False;False;1.0;0.0
server-base\src\main\java\org\apache\kylin\rest\security\authoritiespopulator.java;False;False;0.999;0.001
server-base\src\main\java\org\apache\kylin\rest\security\crossdomainfilter.java;False;False;0.985;0.015
server-base\src\main\java\org\apache\kylin\rest\security\externalaclprovider.java;False;False;0.996;0.004
server-base\src\main\java\org\apache\kylin\rest\security\kylinaclpermissionevaluator.java;False;False;1.0;0.0
server-base\src\main\java\org\apache\kylin\rest\security\kylinauthenticationprovider.java;False;False;0.999;0.001
server-base\src\main\java\org\apache\kylin\rest\security\kylinusermanager.java;False;False;0.999;0.001
server-base\src\main\java\org\apache\kylin\rest\security\kylinusermanager.java;False;False;1.0;0.0
server-base\src\main\java\org\apache\kylin\rest\security\kylinusermanager.java;False;False;0.995;0.005
server-base\src\main\java\org\apache\kylin\rest\security\ldapauthoritiespopulator.java;False;False;0.999;0.001
server-base\src\main\java\org\apache\kylin\rest\security\manageduser.java;False;False;0.994;0.006
server-base\src\main\java\org\apache\kylin\rest\security\manageduser.java;False;False;0.997;0.003
server-base\src\main\java\org\apache\kylin\rest\security\manageduser.java;False;False;0.999;0.001
server-base\src\main\java\org\apache\kylin\rest\security\mockhtable.java;False;False;0.999;0.001
server-base\src\main\java\org\apache\kylin\rest\security\mockhtable.java;False;False;0.999;0.001
server-base\src\main\java\org\apache\kylin\rest\security\mockhtable.java;False;False;1.0;0.0
server-base\src\main\java\org\apache\kylin\rest\security\mockhtable.java;False;False;0.999;0.001
server-base\src\main\java\org\apache\kylin\rest\security\mockhtable.java;False;False;1.0;0.0
server-base\src\main\java\org\apache\kylin\rest\security\mockhtable.java;False;False;0.999;0.001
server-base\src\main\java\org\apache\kylin\rest\security\mockhtable.java;False;False;1.0;0.0
server-base\src\main\java\org\apache\kylin\rest\security\mockhtable.java;False;False;0.999;0.001
server-base\src\main\java\org\apache\kylin\rest\security\mockhtable.java;False;False;1.0;0.0
server-base\src\main\java\org\apache\kylin\rest\security\mockhtable.java;False;False;0.977;0.023
server-base\src\main\java\org\apache\kylin\rest\security\passwordplaceholderconfigurer.java;False;True;0.495;0.505
server-base\src\main\java\org\apache\kylin\rest\security\samluserdetailsservice.java;False;False;0.999;0.001
server-base\src\main\java\org\apache\kylin\rest\security\samluserdetailsservice.java;False;False;0.999;0.001
server-base\src\main\java\org\apache\kylin\rest\security\tableinterceptor.java;False;False;1.0;0.0
server-base\src\main\java\org\apache\kylin\rest\security\unauthorisedentrypoint.java;False;False;1.0;0.0
server-base\src\main\java\org\apache\kylin\rest\security\springacl\aceimpl.java;False;False;0.988;0.012
server-base\src\main\java\org\apache\kylin\rest\security\springacl\aclrecord.java;False;False;0.987;0.013
server-base\src\main\java\org\apache\kylin\rest\security\springacl\legacyaceinfo.java;False;False;1.0;0.0
server-base\src\main\java\org\apache\kylin\rest\security\springacl\mutableaclrecord.java;False;False;0.985;0.015
server-base\src\main\java\org\apache\kylin\rest\security\springacl\objectidentityimpl.java;False;False;0.999;0.001
server-base\src\main\java\org\apache\kylin\rest\security\springacl\sidinfo.java;False;False;1.0;0.0
server-base\src\main\java\org\apache\kylin\rest\service\accessservice.java;False;False;0.971;0.029
server-base\src\main\java\org\apache\kylin\rest\service\aclservice.java;False;False;1.0;0.0
server-base\src\main\java\org\apache\kylin\rest\service\aclservice.java;False;False;1.0;0.0
server-base\src\main\java\org\apache\kylin\rest\service\aclservice.java;False;False;0.995;0.005
server-base\src\main\java\org\apache\kylin\rest\service\aclservice.java;False;False;0.987;0.013
server-base\src\main\java\org\apache\kylin\rest\service\acltablemigrationtool.java;False;False;0.999;0.001
server-base\src\main\java\org\apache\kylin\rest\service\acltablemigrationtool.java;False;False;0.999;0.001
server-base\src\main\java\org\apache\kylin\rest\service\acltablemigrationtool.java;False;False;0.999;0.001
server-base\src\main\java\org\apache\kylin\rest\service\adminservice.java;False;False;0.998;0.002
server-base\src\main\java\org\apache\kylin\rest\service\badquerydetector.java;False;False;0.998;0.002
server-base\src\main\java\org\apache\kylin\rest\service\badquerydetector.java;False;False;0.999;0.001
server-base\src\main\java\org\apache\kylin\rest\service\badquerydetector.java;False;False;0.998;0.002
server-base\src\main\java\org\apache\kylin\rest\service\badquerydetector.java;False;False;0.998;0.002
server-base\src\main\java\org\apache\kylin\rest\service\badquerydetector.java;False;False;0.999;0.001
server-base\src\main\java\org\apache\kylin\rest\service\basicservice.java;False;False;0.978;0.022
server-base\src\main\java\org\apache\kylin\rest\service\cacheservice.java;False;False;0.986;0.014
server-base\src\main\java\org\apache\kylin\rest\service\cubeservice.java;False;True;0.137;0.863
server-base\src\main\java\org\apache\kylin\rest\service\cubeservice.java;False;True;0.164;0.836
server-base\src\main\java\org\apache\kylin\rest\service\cubeservice.java;False;True;0.128;0.872
server-base\src\main\java\org\apache\kylin\rest\service\dashboardservice.java;False;False;0.972;0.028
server-base\src\main\java\org\apache\kylin\rest\service\diagnosisservice.java;False;False;0.993;0.007
server-base\src\main\java\org\apache\kylin\rest\service\encodingservice.java;False;False;0.997;0.003
server-base\src\main\java\org\apache\kylin\rest\service\extfilterservice.java;False;False;1.0;0.0
server-base\src\main\java\org\apache\kylin\rest\service\hbaseinfoutil.java;False;False;1.0;0.0
server-base\src\main\java\org\apache\kylin\rest\service\hybridservice.java;False;False;0.994;0.006
server-base\src\main\java\org\apache\kylin\rest\service\iusergroupservice.java;False;False;1.0;0.0
server-base\src\main\java\org\apache\kylin\rest\service\jobservice.java;False;True;0.431;0.569
server-base\src\main\java\org\apache\kylin\rest\service\kafkaconfigservice.java;False;False;1.0;0.0
server-base\src\main\java\org\apache\kylin\rest\service\kylinusergroupservice.java;False;False;1.0;0.0
server-base\src\main\java\org\apache\kylin\rest\service\kylinuserservice.java;False;False;1.0;0.0
server-base\src\main\java\org\apache\kylin\rest\service\modelservice.java;False;True;0.306;0.694
server-base\src\main\java\org\apache\kylin\rest\service\projectservice.java;False;False;0.97;0.03
server-base\src\main\java\org\apache\kylin\rest\service\queryservice.java;True;False;0.988;0.012
server-base\src\main\java\org\apache\kylin\rest\service\queryservice.java;True;False;0.992;0.008
server-base\src\main\java\org\apache\kylin\rest\service\queryservice.java;True;False;0.978;0.022
server-base\src\main\java\org\apache\kylin\rest\service\queryservice.java;True;False;0.999;0.001
server-base\src\main\java\org\apache\kylin\rest\service\queryservice.java;True;False;0.997;0.003
server-base\src\main\java\org\apache\kylin\rest\service\queryservice.java;True;False;0.923;0.077
server-base\src\main\java\org\apache\kylin\rest\service\queryservice.java;True;False;0.98;0.02
server-base\src\main\java\org\apache\kylin\rest\service\servicediscoverystateservice.java;False;False;1.0;0.0
server-base\src\main\java\org\apache\kylin\rest\service\streamingcoordinatorservice.java;False;False;0.999;0.001
server-base\src\main\java\org\apache\kylin\rest\service\streamingservice.java;False;False;1.0;0.0
server-base\src\main\java\org\apache\kylin\rest\service\streamingv2service.java;False;False;0.998;0.002
server-base\src\main\java\org\apache\kylin\rest\service\tableaclservice.java;False;False;0.998;0.002
server-base\src\main\java\org\apache\kylin\rest\service\tableschemaupdatechecker.java;False;False;0.996;0.004
server-base\src\main\java\org\apache\kylin\rest\service\tableschemaupdatechecker.java;False;False;0.992;0.008
server-base\src\main\java\org\apache\kylin\rest\service\tableservice.java;False;False;0.985;0.015
server-base\src\main\java\org\apache\kylin\rest\service\usergrantedauthority.java;False;False;1.0;0.0
server-base\src\main\java\org\apache\kylin\rest\service\usergroupservice.java;False;False;0.999;0.001
server-base\src\main\java\org\apache\kylin\rest\service\userservice.java;False;False;0.996;0.004
server-base\src\main\java\org\apache\kylin\rest\signature\componentsignature.java;False;False;0.988;0.012
server-base\src\main\java\org\apache\kylin\rest\signature\facttablerealizationsetcalculator.java;False;False;0.996;0.004
server-base\src\main\java\org\apache\kylin\rest\signature\realizationsetcalculator.java;False;False;1.0;0.0
server-base\src\main\java\org\apache\kylin\rest\signature\realizationsignature.java;False;False;1.0;0.0
server-base\src\main\java\org\apache\kylin\rest\signature\realizationsignature.java;False;False;1.0;0.0
server-base\src\main\java\org\apache\kylin\rest\signature\realizationsignature.java;False;False;1.0;0.0
server-base\src\main\java\org\apache\kylin\rest\signature\segmentsignature.java;False;False;1.0;0.0
server-base\src\main\java\org\apache\kylin\rest\signature\signaturecalculator.java;False;False;1.0;0.0
server-base\src\main\java\org\apache\kylin\rest\util\aclevaluate.java;False;False;0.997;0.003
server-base\src\main\java\org\apache\kylin\rest\util\aclpermissionutil.java;False;False;1.0;0.0
server-base\src\main\java\org\apache\kylin\rest\util\aclutil.java;False;False;0.999;0.001
server-base\src\main\java\org\apache\kylin\rest\util\controllersplitter.java;False;False;0.969;0.031
server-base\src\main\java\org\apache\kylin\rest\util\log4jconfiglistener.java;False;False;1.0;0.0
server-base\src\main\java\org\apache\kylin\rest\util\pagingutil.java;False;False;1.0;0.0
server-base\src\main\java\org\apache\kylin\rest\util\queryrequestlimits.java;False;False;0.995;0.005
server-base\src\main\java\org\apache\kylin\rest\util\sqlresponsesignatureutil.java;False;False;1.0;0.0
server-base\src\main\java\org\apache\kylin\rest\util\serializer.java;False;False;1.0;0.0
server-base\src\main\java\org\apache\kylin\rest\util\tableauinterceptor.java;False;False;0.999;0.001
server-base\src\main\java\org\apache\kylin\rest\util\validateutil.java;False;False;0.997;0.003
server-base\src\test\java\org\apache\kylin\rest\bean\beantest.java;False;False;1.0;0.0
server-base\src\test\java\org\apache\kylin\rest\bean\beanvalidator.java;False;False;0.993;0.007
server-base\src\test\java\org\apache\kylin\rest\controller\streamingcontrollertest.java;False;False;0.999;0.001
server-base\src\test\java\org\apache\kylin\rest\job\metadatacleanupjobtest.java;False;False;1.0;0.0
server-base\src\test\java\org\apache\kylin\rest\job\metadatacleanupjobtest.java;False;False;1.0;0.0
server-base\src\test\java\org\apache\kylin\rest\job\storagecleanjobhbaseutiltest.java;False;False;1.0;0.0
server-base\src\test\java\org\apache\kylin\rest\job\storagecleanupjobtest.java;False;False;0.998;0.002
server-base\src\test\java\org\apache\kylin\rest\job\storagecleanupjobtest.java;False;False;1.0;0.0
server-base\src\test\java\org\apache\kylin\rest\response\sqlresponsetest.java;False;False;1.0;0.0
server-base\src\test\java\org\apache\kylin\rest\service\diagnosisservicetest.java;False;False;0.995;0.005
server-base\src\test\java\org\apache\kylin\rest\service\tableservicetest.java;False;False;1.0;0.0
server-base\src\test\java\org\apache\kylin\rest\signature\realizationsignaturetest.java;False;False;1.0;0.0
server-base\src\test\java\org\apache\kylin\rest\signature\segmentsignaturetest.java;False;False;1.0;0.0
server-base\src\test\java\org\apache\kylin\rest\signature\signaturecalculatortest.java;False;False;1.0;0.0
server-base\src\test\java\org\apache\kylin\rest\util\queryrequestlimitstest.java;False;False;0.999;0.001
server\src\main\java\org\apache\kylin\rest\debugdeploycli.java;False;False;1.0;0.0
server\src\main\java\org\apache\kylin\rest\debugtomcat.java;False;False;0.982;0.018
server\src\test\java\org\apache\kylin\rest\controller\accesscontrollertest.java;False;False;0.999;0.001
server\src\test\java\org\apache\kylin\rest\controller\admincontrollertest.java;False;False;0.997;0.003
server\src\test\java\org\apache\kylin\rest\controller\basecontrollertest.java;False;False;0.998;0.002
server\src\test\java\org\apache\kylin\rest\controller\cachecontrollertest.java;False;False;0.998;0.002
server\src\test\java\org\apache\kylin\rest\controller\cubecontrollertest.java;False;False;0.989;0.011
server\src\test\java\org\apache\kylin\rest\controller\jobcontrollertest.java;False;False;1.0;0.0
server\src\test\java\org\apache\kylin\rest\controller\projectcontrollertest.java;False;False;0.998;0.002
server\src\test\java\org\apache\kylin\rest\controller\querycontrollertest.java;False;False;0.999;0.001
server\src\test\java\org\apache\kylin\rest\controller\usercontrollertest.java;False;False;0.999;0.001
server\src\test\java\org\apache\kylin\rest\metrics\querymetrics2test.java;False;False;0.988;0.012
server\src\test\java\org\apache\kylin\rest\metrics\querymetricstest.java;False;False;0.995;0.005
server\src\test\java\org\apache\kylin\rest\security\kylinusermanagertest.java;False;False;1.0;0.0
server\src\test\java\org\apache\kylin\rest\security\querywithtableacltest.java;False;False;1.0;0.0
server\src\test\java\org\apache\kylin\rest\security\tableaclmanagertest.java;False;False;1.0;0.0
server\src\test\java\org\apache\kylin\rest\service\accessservicetest.java;False;False;0.997;0.003
server\src\test\java\org\apache\kylin\rest\service\aclservicetest.java;False;False;0.997;0.003
server\src\test\java\org\apache\kylin\rest\service\aclservicetest.java;False;False;1.0;0.0
server\src\test\java\org\apache\kylin\rest\service\adminservicetest.java;False;False;1.0;0.0
server\src\test\java\org\apache\kylin\rest\service\badquerydetectortest.java;False;False;1.0;0.0
server\src\test\java\org\apache\kylin\rest\service\cacheservicetest.java;False;False;0.994;0.006
server\src\test\java\org\apache\kylin\rest\service\cubeservicetest.java;False;False;1.0;0.0
server\src\test\java\org\apache\kylin\rest\service\jobservicetest.java;False;False;0.999;0.001
server\src\test\java\org\apache\kylin\rest\service\jobservicetest.java;False;False;1.0;0.0
server\src\test\java\org\apache\kylin\rest\service\kylinquerytimeouttest.java;False;False;1.0;0.0
server\src\test\java\org\apache\kylin\rest\service\kylinquerytimeouttest.java;False;False;1.0;0.0
server\src\test\java\org\apache\kylin\rest\service\kylinquerytimeouttest.java;False;False;1.0;0.0
server\src\test\java\org\apache\kylin\rest\service\kylinusergroupservicetest.java;False;False;1.0;0.0
server\src\test\java\org\apache\kylin\rest\service\modelservicetest.java;False;False;0.995;0.005
server\src\test\java\org\apache\kylin\rest\service\queryinfocollectortest.java;False;False;1.0;0.0
server\src\test\java\org\apache\kylin\rest\service\queryinfocollectortest.java;False;False;0.999;0.001
server\src\test\java\org\apache\kylin\rest\service\queryservicetest.java;False;False;1.0;0.0
server\src\test\java\org\apache\kylin\rest\service\servicetestbase.java;False;False;1.0;0.0
server\src\test\java\org\apache\kylin\rest\service\tableaclservicetest.java;False;False;1.0;0.0
server\src\test\java\org\apache\kylin\rest\service\tableservicetest.java;False;False;0.992;0.008
server\src\test\java\org\apache\kylin\rest\service\userservicetest.java;False;False;1.0;0.0
server\src\test\java\org\apache\kylin\rest\util\aclutiltest.java;False;False;1.0;0.0
server\src\test\java\org\apache\kylin\rest\util\multinodemanagertestbase.java;False;False;1.0;0.0
server\src\test\java\org\apache\kylin\rest\util\validateutiltest.java;False;False;1.0;0.0
source-hive\src\main\java\org\apache\kylin\source\hive\beelinehiveclient.java;True;False;0.999;0.001
source-hive\src\main\java\org\apache\kylin\source\hive\beelineoptionsprocessor.java;False;False;0.999;0.001
source-hive\src\main\java\org\apache\kylin\source\hive\clihiveclient.java;True;False;0.997;0.003
source-hive\src\main\java\org\apache\kylin\source\hive\clihiveclient.java;True;False;1.0;0.0
source-hive\src\main\java\org\apache\kylin\source\hive\createflathivetablebylivystep.java;False;False;0.983;0.017
source-hive\src\main\java\org\apache\kylin\source\hive\createflathivetablestep.java;False;False;0.987;0.013
source-hive\src\main\java\org\apache\kylin\source\hive\createmrhivedictstep.java;False;False;0.976;0.024
source-hive\src\main\java\org\apache\kylin\source\hive\dbconnconf.java;False;False;1.0;0.0
source-hive\src\main\java\org\apache\kylin\source\hive\garbagecollectionstep.java;False;False;0.998;0.002
source-hive\src\main\java\org\apache\kylin\source\hive\hiveclientfactory.java;False;False;1.0;0.0
source-hive\src\main\java\org\apache\kylin\source\hive\hiveinputbase.java;False;False;1.0;0.0
source-hive\src\main\java\org\apache\kylin\source\hive\hiveinputbase.java;False;False;0.981;0.019
source-hive\src\main\java\org\apache\kylin\source\hive\hivemrinput.java;False;False;0.996;0.004
source-hive\src\main\java\org\apache\kylin\source\hive\hivemrinput.java;False;False;0.995;0.005
source-hive\src\main\java\org\apache\kylin\source\hive\hivemrinput.java;False;False;0.996;0.004
source-hive\src\main\java\org\apache\kylin\source\hive\hivemetadataexplorer.java;False;False;0.994;0.006
source-hive\src\main\java\org\apache\kylin\source\hive\hivesource.java;False;False;1.0;0.0
source-hive\src\main\java\org\apache\kylin\source\hive\hivesparkinput.java;False;False;0.999;0.001
source-hive\src\main\java\org\apache\kylin\source\hive\hivesparkinput.java;False;False;0.999;0.001
source-hive\src\main\java\org\apache\kylin\source\hive\hivetable.java;False;False;1.0;0.0
source-hive\src\main\java\org\apache\kylin\source\hive\hivetablemeta.java;False;False;1.0;0.0
source-hive\src\main\java\org\apache\kylin\source\hive\hivetablemeta.java;False;False;0.999;0.001
source-hive\src\main\java\org\apache\kylin\source\hive\hivetablemetabuilder.java;False;False;0.991;0.009
source-hive\src\main\java\org\apache\kylin\source\hive\hivetablemetabuilder.java;False;False;0.999;0.001
source-hive\src\main\java\org\apache\kylin\source\hive\hivetablemetabuilder.java;False;False;0.999;0.001
source-hive\src\main\java\org\apache\kylin\source\hive\hivetablereader.java;False;False;0.994;0.006
source-hive\src\main\java\org\apache\kylin\source\hive\ihiveclient.java;False;False;1.0;0.0
source-hive\src\main\java\org\apache\kylin\source\hive\mrhivedictutil.java;False;False;0.998;0.002
source-hive\src\main\java\org\apache\kylin\source\hive\redistributeflathivetablebylivystep.java;False;False;0.996;0.004
source-hive\src\main\java\org\apache\kylin\source\hive\redistributeflathivetablestep.java;False;False;0.999;0.001
source-hive\src\main\java\org\apache\kylin\source\hive\cardinality\columncardinalitymapper.java;False;False;0.997;0.003
source-hive\src\main\java\org\apache\kylin\source\hive\cardinality\columncardinalityreducer.java;False;False;0.999;0.001
source-hive\src\main\java\org\apache\kylin\source\hive\cardinality\hivecolumncardinalityjob.java;False;False;0.992;0.008
source-hive\src\main\java\org\apache\kylin\source\hive\cardinality\hivecolumncardinalityupdatejob.java;False;False;1.0;0.0
source-hive\src\main\java\org\apache\kylin\source\hive\exception\segmentemptyexception.java;False;False;1.0;0.0
source-hive\src\main\java\org\apache\kylin\source\jdbc\cmdstep.java;False;False;0.998;0.002
source-hive\src\test\java\org\apache\kylin\source\hive\beelinehiveclienttest.java;False;False;1.0;0.0
source-hive\src\test\java\org\apache\kylin\source\hive\beelineoptionsprocessortest.java;False;False;0.999;0.001
source-hive\src\test\java\org\apache\kylin\source\hive\hivemrinputtest.java;False;False;0.998;0.002
source-hive\src\test\java\org\apache\kylin\source\hive\cardinality\columncardinalityreducertest.java;False;False;1.0;0.0
source-jdbc\src\main\java\org\apache\kylin\source\jdbc\hivecmdstep.java;False;False;1.0;0.0
source-jdbc\src\main\java\org\apache\kylin\source\jdbc\jdbcexplorer.java;True;False;0.961;0.039
source-jdbc\src\main\java\org\apache\kylin\source\jdbc\jdbchiveinputbase.java;True;False;0.955;0.045
source-jdbc\src\main\java\org\apache\kylin\source\jdbc\jdbchiveinputbase.java;True;False;0.948;0.052
source-jdbc\src\main\java\org\apache\kylin\source\jdbc\jdbchivemrinput.java;False;False;0.998;0.002
source-jdbc\src\main\java\org\apache\kylin\source\jdbc\jdbchivemrinput.java;False;False;0.999;0.001
source-jdbc\src\main\java\org\apache\kylin\source\jdbc\jdbchivesparkinput.java;False;False;1.0;0.0
source-jdbc\src\main\java\org\apache\kylin\source\jdbc\jdbchivesparkinput.java;False;False;1.0;0.0
source-jdbc\src\main\java\org\apache\kylin\source\jdbc\jdbcsource.java;True;False;0.996;0.004
source-jdbc\src\main\java\org\apache\kylin\source\jdbc\jdbctable.java;False;False;0.999;0.001
source-jdbc\src\main\java\org\apache\kylin\source\jdbc\jdbctablereader.java;False;False;0.997;0.003
source-jdbc\src\main\java\org\apache\kylin\source\jdbc\sqlutil.java;False;False;0.97;0.03
source-jdbc\src\main\java\org\apache\kylin\source\jdbc\extensible\jdbcexplorer.java;False;False;0.997;0.003
source-jdbc\src\main\java\org\apache\kylin\source\jdbc\extensible\jdbchiveinputbase.java;False;False;0.987;0.013
source-jdbc\src\main\java\org\apache\kylin\source\jdbc\extensible\jdbchiveinputbase.java;False;False;0.956;0.044
source-jdbc\src\main\java\org\apache\kylin\source\jdbc\extensible\jdbchivemrinput.java;False;False;1.0;0.0
source-jdbc\src\main\java\org\apache\kylin\source\jdbc\extensible\jdbchivemrinput.java;False;False;1.0;0.0
source-jdbc\src\main\java\org\apache\kylin\source\jdbc\extensible\jdbchivesparkinput.java;False;False;1.0;0.0
source-jdbc\src\main\java\org\apache\kylin\source\jdbc\extensible\jdbchivesparkinput.java;False;False;1.0;0.0
source-jdbc\src\main\java\org\apache\kylin\source\jdbc\extensible\jdbcsource.java;False;False;1.0;0.0
source-jdbc\src\main\java\org\apache\kylin\source\jdbc\extensible\jdbctable.java;False;False;1.0;0.0
source-jdbc\src\main\java\org\apache\kylin\source\jdbc\extensible\jdbctablereader.java;False;False;1.0;0.0
source-jdbc\src\main\java\org\apache\kylin\source\jdbc\metadata\defaultjdbcmetadata.java;False;False;1.0;0.0
source-jdbc\src\main\java\org\apache\kylin\source\jdbc\metadata\ijdbcmetadata.java;False;False;0.997;0.003
source-jdbc\src\main\java\org\apache\kylin\source\jdbc\metadata\jdbcmetadatafactory.java;False;False;0.99;0.01
source-jdbc\src\main\java\org\apache\kylin\source\jdbc\metadata\mysqljdbcmetadata.java;False;False;0.999;0.001
source-jdbc\src\main\java\org\apache\kylin\source\jdbc\metadata\sqlserverjdbcmetadata.java;False;False;0.994;0.006
source-jdbc\src\main\java\org\apache\kylin\source\jdbc\sqoop\sqoopcmdstep.java;False;False;1.0;0.0
source-jdbc\src\test\java\org\apache\kylin\source\jdbc\jdbcexplorertest.java;False;False;0.997;0.003
source-jdbc\src\test\java\org\apache\kylin\source\jdbc\jdbchiveinputbasetest.java;False;False;0.999;0.001
source-jdbc\src\test\java\org\apache\kylin\source\jdbc\sqlutiltest.java;False;False;0.999;0.001
source-jdbc\src\test\java\org\apache\kylin\source\jdbc\extensible\jdbcexplorertest.java;False;False;1.0;0.0
source-jdbc\src\test\java\org\apache\kylin\source\jdbc\extensible\jdbchivemrinputtest.java;False;False;1.0;0.0
source-jdbc\src\test\java\org\apache\kylin\source\jdbc\extensible\jdbchivemrinputtest.java;False;False;1.0;0.0
source-jdbc\src\test\java\org\apache\kylin\source\jdbc\extensible\jdbcsourcetest.java;False;False;0.999;0.001
source-jdbc\src\test\java\org\apache\kylin\source\jdbc\extensible\jdbctabletest.java;False;False;1.0;0.0
source-jdbc\src\test\java\org\apache\kylin\source\jdbc\extensible\testbase.java;False;False;1.0;0.0
source-jdbc\src\test\java\org\apache\kylin\source\jdbc\extensible\testbase.java;False;False;1.0;0.0
source-jdbc\src\test\java\org\apache\kylin\source\jdbc\metadata\defaultjdbcmetadatatest.java;False;False;0.999;0.001
source-jdbc\src\test\java\org\apache\kylin\source\jdbc\metadata\mysqljdbcmetadatatest.java;False;False;0.999;0.001
source-jdbc\src\test\java\org\apache\kylin\source\jdbc\metadata\sqlserverjdbcmetadatatest.java;False;False;1.0;0.0
source-kafka\src\main\java\org\apache\kylin\source\kafka\abstracttimeparser.java;False;False;1.0;0.0
source-kafka\src\main\java\org\apache\kylin\source\kafka\datetimeparser.java;False;False;0.996;0.004
source-kafka\src\main\java\org\apache\kylin\source\kafka\defaulttimeparser.java;False;False;0.998;0.002
source-kafka\src\main\java\org\apache\kylin\source\kafka\kafkaconfigmanager.java;False;False;0.999;0.001
source-kafka\src\main\java\org\apache\kylin\source\kafka\kafkaconfigmanager.java;False;False;1.0;0.0
source-kafka\src\main\java\org\apache\kylin\source\kafka\kafkainputbase.java;False;False;1.0;0.0
source-kafka\src\main\java\org\apache\kylin\source\kafka\kafkainputbase.java;False;False;1.0;0.0
source-kafka\src\main\java\org\apache\kylin\source\kafka\kafkainputbase.java;False;False;0.996;0.004
source-kafka\src\main\java\org\apache\kylin\source\kafka\kafkamrinput.java;False;False;0.999;0.001
source-kafka\src\main\java\org\apache\kylin\source\kafka\kafkamrinput.java;False;False;0.999;0.001
source-kafka\src\main\java\org\apache\kylin\source\kafka\kafkamrinput.java;False;False;0.999;0.001
source-kafka\src\main\java\org\apache\kylin\source\kafka\kafkamrinput.java;False;False;0.999;0.001
source-kafka\src\main\java\org\apache\kylin\source\kafka\kafkasource.java;False;False;0.988;0.012
source-kafka\src\main\java\org\apache\kylin\source\kafka\kafkasparkinput.java;False;False;1.0;0.0
source-kafka\src\main\java\org\apache\kylin\source\kafka\kafkasparkinput.java;False;False;1.0;0.0
source-kafka\src\main\java\org\apache\kylin\source\kafka\kafkasparkinput.java;False;False;1.0;0.0
source-kafka\src\main\java\org\apache\kylin\source\kafka\streamingparser.java;False;False;0.997;0.003
source-kafka\src\main\java\org\apache\kylin\source\kafka\timedjsonstreamparser.java;False;False;0.994;0.006
source-kafka\src\main\java\org\apache\kylin\source\kafka\config\brokerconfig.java;False;False;0.999;0.001
source-kafka\src\main\java\org\apache\kylin\source\kafka\config\kafkaclusterconfig.java;False;False;1.0;0.0
source-kafka\src\main\java\org\apache\kylin\source\kafka\config\kafkaconfig.java;False;False;0.998;0.002
source-kafka\src\main\java\org\apache\kylin\source\kafka\config\kafkaconsumerproperties.java;False;False;0.995;0.005
source-kafka\src\main\java\org\apache\kylin\source\kafka\hadoop\kafkaflattablejob.java;False;False;1.0;0.0
source-kafka\src\main\java\org\apache\kylin\source\kafka\hadoop\kafkaflattablemapper.java;False;False;0.99;0.01
source-kafka\src\main\java\org\apache\kylin\source\kafka\hadoop\kafkainputformat.java;False;False;0.982;0.018
source-kafka\src\main\java\org\apache\kylin\source\kafka\hadoop\kafkainputrecordreader.java;False;False;0.999;0.001
source-kafka\src\main\java\org\apache\kylin\source\kafka\hadoop\kafkainputsplit.java;False;False;1.0;0.0
source-kafka\src\main\java\org\apache\kylin\source\kafka\job\mergeoffsetstep.java;False;False;1.0;0.0
source-kafka\src\main\java\org\apache\kylin\source\kafka\model\streamcubefacttabledesc.java;False;False;0.982;0.018
source-kafka\src\main\java\org\apache\kylin\source\kafka\util\kafkaclient.java;False;False;0.999;0.001
source-kafka\src\main\java\org\apache\kylin\source\kafka\util\kafkasampleproducer.java;False;False;0.992;0.008
source-kafka\src\test\java\org\apache\kylin\source\kafka\timedjsonstreamparsertest.java;False;False;0.999;0.001
source-kafka\src\test\java\org\apache\kylin\source\kafka\config\kafkaconsumerpropertiestest.java;False;False;1.0;0.0
source-kafka\src\test\java\org\apache\kylin\source\kafka\hadoop\kafkainputrecordreadertest.java;False;False;0.999;0.001
storage-hbase\src\main\java\org\apache\kylin\storage\hbase\hbaseconnection.java;False;False;0.986;0.014
storage-hbase\src\main\java\org\apache\kylin\storage\hbase\hbaseresourcestore.java;False;False;0.993;0.007
storage-hbase\src\main\java\org\apache\kylin\storage\hbase\hbaseresourcestore.java;False;False;0.99;0.01
storage-hbase\src\main\java\org\apache\kylin\storage\hbase\hbasestorage.java;False;False;0.998;0.002
storage-hbase\src\main\java\org\apache\kylin\storage\hbase\common\coprocessor\aggrkey.java;False;False;0.998;0.002
storage-hbase\src\main\java\org\apache\kylin\storage\hbase\common\coprocessor\aggregationcache.java;False;False;0.997;0.003
storage-hbase\src\main\java\org\apache\kylin\storage\hbase\common\coprocessor\coprocessorfilter.java;False;False;1.0;0.0
storage-hbase\src\main\java\org\apache\kylin\storage\hbase\common\coprocessor\coprocessorfilter.java;False;False;0.999;0.001
storage-hbase\src\main\java\org\apache\kylin\storage\hbase\common\coprocessor\coprocessorprojector.java;False;False;0.999;0.001
storage-hbase\src\main\java\org\apache\kylin\storage\hbase\common\coprocessor\coprocessorrowtype.java;False;False;1.0;0.0
storage-hbase\src\main\java\org\apache\kylin\storage\hbase\common\coprocessor\filterdecorator.java;False;False;0.994;0.006
storage-hbase\src\main\java\org\apache\kylin\storage\hbase\cube\hbasescannerbenchmark.java;False;False;0.998;0.002
storage-hbase\src\main\java\org\apache\kylin\storage\hbase\cube\simplehbasestore.java;False;False;1.0;0.0
storage-hbase\src\main\java\org\apache\kylin\storage\hbase\cube\simplehbasestore.java;False;False;0.999;0.001
storage-hbase\src\main\java\org\apache\kylin\storage\hbase\cube\simplehbasestore.java;False;False;1.0;0.0
storage-hbase\src\main\java\org\apache\kylin\storage\hbase\cube\v2\celllistiterator.java;False;False;1.0;0.0
storage-hbase\src\main\java\org\apache\kylin\storage\hbase\cube\v2\cubehbaseendpointrpc.java;False;False;0.956;0.044
storage-hbase\src\main\java\org\apache\kylin\storage\hbase\cube\v2\cubehbaseendpointrpc.java;False;False;0.976;0.024
storage-hbase\src\main\java\org\apache\kylin\storage\hbase\cube\v2\cubehbaseendpointrpc.java;False;False;0.967;0.033
storage-hbase\src\main\java\org\apache\kylin\storage\hbase\cube\v2\cubehbaserpc.java;False;False;0.999;0.001
storage-hbase\src\main\java\org\apache\kylin\storage\hbase\cube\v2\cubehbaserpc.java;False;False;0.998;0.002
storage-hbase\src\main\java\org\apache\kylin\storage\hbase\cube\v2\cubehbasescanrpc.java;False;False;0.999;0.001
storage-hbase\src\main\java\org\apache\kylin\storage\hbase\cube\v2\cubehbasescanrpc.java;False;False;1.0;0.0
storage-hbase\src\main\java\org\apache\kylin\storage\hbase\cube\v2\cubestoragequery.java;False;False;0.998;0.002
storage-hbase\src\main\java\org\apache\kylin\storage\hbase\cube\v2\expectedsizeiterator.java;False;False;1.0;0.0
storage-hbase\src\main\java\org\apache\kylin\storage\hbase\cube\v2\hbasereadonlystore.java;False;False;0.998;0.002
storage-hbase\src\main\java\org\apache\kylin\storage\hbase\cube\v2\rawscan.java;False;False;1.0;0.0
storage-hbase\src\main\java\org\apache\kylin\storage\hbase\cube\v2\segmentquerycache.java;False;False;1.0;0.0
storage-hbase\src\main\java\org\apache\kylin\storage\hbase\cube\v2\segmentqueryresult.java;False;False;1.0;0.0
storage-hbase\src\main\java\org\apache\kylin\storage\hbase\cube\v2\segmentqueryresult.java;False;False;1.0;0.0
storage-hbase\src\main\java\org\apache\kylin\storage\hbase\cube\v2\coprocessor\endpoint\cubevisitservice.java;False;False;1.0;0.0
storage-hbase\src\main\java\org\apache\kylin\storage\hbase\cube\v2\coprocessor\endpoint\cubevisitservice.java;False;False;0.967;0.033
storage-hbase\src\main\java\org\apache\kylin\storage\hbase\cube\v2\coprocessor\endpoint\cubevisitservice.java;False;False;0.995;0.005
storage-hbase\src\main\java\org\apache\kylin\storage\hbase\cube\v2\coprocessor\endpoint\cubevisitservice.java;False;False;1.0;0.0
storage-hbase\src\main\java\org\apache\kylin\storage\hbase\cube\v2\coprocessor\endpoint\cubevisitservice.java;False;False;1.0;0.0
storage-hbase\src\main\java\org\apache\kylin\storage\hbase\cube\v2\coprocessor\endpoint\generated\cubevisitprotos.java;False;False;1.0;0.0
storage-hbase\src\main\java\org\apache\kylin\storage\hbase\cube\v2\coprocessor\endpoint\generated\cubevisitprotos.java;False;False;0.998;0.002
storage-hbase\src\main\java\org\apache\kylin\storage\hbase\cube\v2\coprocessor\endpoint\generated\cubevisitprotos.java;False;False;0.984;0.016
storage-hbase\src\main\java\org\apache\kylin\storage\hbase\cube\v2\coprocessor\endpoint\generated\cubevisitprotos.java;False;False;0.994;0.006
storage-hbase\src\main\java\org\apache\kylin\storage\hbase\cube\v2\coprocessor\endpoint\generated\cubevisitprotos.java;False;False;0.995;0.005
storage-hbase\src\main\java\org\apache\kylin\storage\hbase\cube\v2\coprocessor\endpoint\generated\cubevisitprotos.java;False;False;0.989;0.011
storage-hbase\src\main\java\org\apache\kylin\storage\hbase\cube\v2\coprocessor\endpoint\generated\cubevisitprotos.java;False;False;0.999;0.001
storage-hbase\src\main\java\org\apache\kylin\storage\hbase\cube\v2\coprocessor\endpoint\generated\cubevisitprotos.java;False;False;1.0;0.0
storage-hbase\src\main\java\org\apache\kylin\storage\hbase\cube\v2\coprocessor\endpoint\generated\cubevisitprotos.java;False;False;0.994;0.006
storage-hbase\src\main\java\org\apache\kylin\storage\hbase\cube\v2\coprocessor\endpoint\generated\cubevisitprotos.java;False;False;0.999;0.001
storage-hbase\src\main\java\org\apache\kylin\storage\hbase\cube\v2\coprocessor\endpoint\generated\cubevisitprotos.java;False;False;1.0;0.0
storage-hbase\src\main\java\org\apache\kylin\storage\hbase\cube\v2\coprocessor\endpoint\generated\cubevisitprotos.java;False;False;1.0;0.0
storage-hbase\src\main\java\org\apache\kylin\storage\hbase\cube\v2\coprocessor\endpoint\generated\cubevisitprotos.java;False;False;0.998;0.002
storage-hbase\src\main\java\org\apache\kylin\storage\hbase\cube\v2\coprocessor\endpoint\generated\cubevisitprotos.java;False;False;1.0;0.0
storage-hbase\src\main\java\org\apache\kylin\storage\hbase\cube\v2\coprocessor\endpoint\generated\cubevisitprotos.java;False;False;1.0;0.0
storage-hbase\src\main\java\org\apache\kylin\storage\hbase\cube\v2\coprocessor\endpoint\generated\cubevisitprotos.java;False;False;0.985;0.015
storage-hbase\src\main\java\org\apache\kylin\storage\hbase\cube\v2\coprocessor\endpoint\generated\cubevisitprotos.java;False;False;0.988;0.012
storage-hbase\src\main\java\org\apache\kylin\storage\hbase\cube\v2\coprocessor\endpoint\generated\cubevisitprotos.java;False;False;1.0;0.0
storage-hbase\src\main\java\org\apache\kylin\storage\hbase\cube\v2\coprocessor\endpoint\generated\cubevisitprotos.java;False;False;1.0;0.0
storage-hbase\src\main\java\org\apache\kylin\storage\hbase\cube\v2\coprocessor\endpoint\generated\cubevisitprotos.java;False;False;1.0;0.0
storage-hbase\src\main\java\org\apache\kylin\storage\hbase\lookup\hbaselookupmrsteps.java;False;False;0.995;0.005
storage-hbase\src\main\java\org\apache\kylin\storage\hbase\lookup\hbaselookupmaterializer.java;False;False;1.0;0.0
storage-hbase\src\main\java\org\apache\kylin\storage\hbase\lookup\hbaselookupprovider.java;False;False;1.0;0.0
storage-hbase\src\main\java\org\apache\kylin\storage\hbase\lookup\hbaselookuprowencoder.java;False;False;1.0;0.0
storage-hbase\src\main\java\org\apache\kylin\storage\hbase\lookup\hbaselookuprowencoder.java;False;False;1.0;0.0
storage-hbase\src\main\java\org\apache\kylin\storage\hbase\lookup\hbaselookuptable.java;False;False;1.0;0.0
storage-hbase\src\main\java\org\apache\kylin\storage\hbase\lookup\hbaselookuptable.java;False;False;1.0;0.0
storage-hbase\src\main\java\org\apache\kylin\storage\hbase\lookup\kvsortreducerwithdupkeycheck.java;False;False;1.0;0.0
storage-hbase\src\main\java\org\apache\kylin\storage\hbase\lookup\kvsortreducerwithdupkeycheck.java;False;False;0.998;0.002
storage-hbase\src\main\java\org\apache\kylin\storage\hbase\lookup\lookuptablehfilesbulkloadjob.java;False;False;0.999;0.001
storage-hbase\src\main\java\org\apache\kylin\storage\hbase\lookup\lookuptabletohfilejob.java;False;False;0.991;0.009
storage-hbase\src\main\java\org\apache\kylin\storage\hbase\lookup\lookuptabletohfilemapper.java;False;False;0.998;0.002
storage-hbase\src\main\java\org\apache\kylin\storage\hbase\lookup\updatesnapshotcacheforqueryserversstep.java;False;False;0.993;0.007
storage-hbase\src\main\java\org\apache\kylin\storage\hbase\steps\bulkloadjob.java;False;False;0.997;0.003
storage-hbase\src\main\java\org\apache\kylin\storage\hbase\steps\createhtablejob.java;False;False;0.989;0.011
storage-hbase\src\main\java\org\apache\kylin\storage\hbase\steps\cubehfilejob.java;False;False;0.999;0.001
storage-hbase\src\main\java\org\apache\kylin\storage\hbase\steps\cubehfilejob.java;False;False;1.0;0.0
storage-hbase\src\main\java\org\apache\kylin\storage\hbase\steps\cubehfilemapper.java;False;False;0.999;0.001
storage-hbase\src\main\java\org\apache\kylin\storage\hbase\steps\cubehtableutil.java;False;False;0.994;0.006
storage-hbase\src\main\java\org\apache\kylin\storage\hbase\steps\hbasejobsteps.java;False;False;0.988;0.012
storage-hbase\src\main\java\org\apache\kylin\storage\hbase\steps\hbasemroutput2transition.java;False;False;1.0;0.0
storage-hbase\src\main\java\org\apache\kylin\storage\hbase\steps\hbasemroutput2transition.java;False;False;0.998;0.002
storage-hbase\src\main\java\org\apache\kylin\storage\hbase\steps\hbasemroutput2transition.java;False;False;1.0;0.0
storage-hbase\src\main\java\org\apache\kylin\storage\hbase\steps\hbasemrsteps.java;False;False;1.0;0.0
storage-hbase\src\main\java\org\apache\kylin\storage\hbase\steps\hbasesparkoutputtransition.java;False;False;1.0;0.0
storage-hbase\src\main\java\org\apache\kylin\storage\hbase\steps\hbasesparksteps.java;False;False;1.0;0.0
storage-hbase\src\main\java\org\apache\kylin\storage\hbase\steps\hdfspathgarbagecollectionstep.java;False;False;0.995;0.005
storage-hbase\src\main\java\org\apache\kylin\storage\hbase\steps\hfileoutputformat3.java;False;False;0.984;0.016
storage-hbase\src\main\java\org\apache\kylin\storage\hbase\steps\hfileoutputformat3.java;False;False;0.968;0.032
storage-hbase\src\main\java\org\apache\kylin\storage\hbase\steps\hfileoutputformat3.java;False;False;0.967;0.033
storage-hbase\src\main\java\org\apache\kylin\storage\hbase\steps\keyvaluecreator.java;False;False;1.0;0.0
storage-hbase\src\main\java\org\apache\kylin\storage\hbase\steps\mergegcstep.java;False;False;0.994;0.006
storage-hbase\src\main\java\org\apache\kylin\storage\hbase\steps\rowkeywritable.java;False;False;1.0;0.0
storage-hbase\src\main\java\org\apache\kylin\storage\hbase\steps\rowkeywritable.java;False;False;1.0;0.0
storage-hbase\src\main\java\org\apache\kylin\storage\hbase\steps\rowvaluedecoder.java;False;False;1.0;0.0
storage-hbase\src\main\java\org\apache\kylin\storage\hbase\steps\sparkcubehfile.java;False;False;0.999;0.001
storage-hbase\src\main\java\org\apache\kylin\storage\hbase\steps\sparkcubehfile.java;False;False;0.991;0.009
storage-hbase\src\main\java\org\apache\kylin\storage\hbase\util\cleanhtablecli.java;False;False;0.999;0.001
storage-hbase\src\main\java\org\apache\kylin\storage\hbase\util\cubemigrationcli.java;False;False;0.974;0.026
storage-hbase\src\main\java\org\apache\kylin\storage\hbase\util\cubemigrationcli.java;False;False;0.996;0.004
storage-hbase\src\main\java\org\apache\kylin\storage\hbase\util\cubemigrationcheckcli.java;False;False;0.999;0.001
storage-hbase\src\main\java\org\apache\kylin\storage\hbase\util\deploycoprocessorcli.java;False;False;0.953;0.047
storage-hbase\src\main\java\org\apache\kylin\storage\hbase\util\deploycoprocessorcli.java;False;False;0.979;0.021
storage-hbase\src\main\java\org\apache\kylin\storage\hbase\util\deploycoprocessorcliops.java;False;False;0.988;0.012
storage-hbase\src\main\java\org\apache\kylin\storage\hbase\util\extendcubetohybridcli.java;False;False;0.993;0.007
storage-hbase\src\main\java\org\apache\kylin\storage\hbase\util\gridtablehbasebenchmark.java;False;False;0.983;0.017
storage-hbase\src\main\java\org\apache\kylin\storage\hbase\util\gridtablehbasebenchmark.java;False;False;0.998;0.002
storage-hbase\src\main\java\org\apache\kylin\storage\hbase\util\gridtablehbasebenchmark.java;False;False;0.998;0.002
storage-hbase\src\main\java\org\apache\kylin\storage\hbase\util\hbaseclean.java;False;False;0.996;0.004
storage-hbase\src\main\java\org\apache\kylin\storage\hbase\util\hbaseregionsizecalculator.java;False;False;1.0;0.0
storage-hbase\src\main\java\org\apache\kylin\storage\hbase\util\hbaseunionutil.java;False;False;1.0;0.0
storage-hbase\src\main\java\org\apache\kylin\storage\hbase\util\hbaseusage.java;False;False;0.998;0.002
storage-hbase\src\main\java\org\apache\kylin\storage\hbase\util\htablealtermetadatacli.java;False;False;1.0;0.0
storage-hbase\src\main\java\org\apache\kylin\storage\hbase\util\orphanhbasecleanjob.java;False;False;0.995;0.005
storage-hbase\src\main\java\org\apache\kylin\storage\hbase\util\pinghbasecli.java;False;False;0.998;0.002
storage-hbase\src\main\java\org\apache\kylin\storage\hbase\util\printhbaseconfig.java;False;False;0.999;0.001
storage-hbase\src\main\java\org\apache\kylin\storage\hbase\util\printhbaseconfig.java;False;False;0.998;0.002
storage-hbase\src\main\java\org\apache\kylin\storage\hbase\util\results.java;False;False;0.992;0.008
storage-hbase\src\main\java\org\apache\kylin\storage\hbase\util\rowcountercli.java;False;False;1.0;0.0
storage-hbase\src\main\java\org\apache\kylin\storage\hbase\util\storagecleanutil.java;False;False;0.988;0.012
storage-hbase\src\main\java\org\apache\kylin\storage\hbase\util\storagecleanupjob.java;False;False;0.997;0.003
storage-hbase\src\main\java\org\apache\kylin\storage\hbase\util\storagecleanupjob.java;False;False;0.988;0.012
storage-hbase\src\main\java\org\apache\kylin\storage\hbase\util\updatehtablehostcli.java;False;False;0.973;0.027
storage-hbase\src\main\java\org\apache\kylin\storage\hbase\util\zookeeperaclbuilder.java;False;False;0.992;0.008
storage-hbase\src\test\java\org\apache\kylin\storage\hbase\common\timeconditionliteralsreplacertest.java;False;False;1.0;0.0
storage-hbase\src\test\java\org\apache\kylin\storage\hbase\common\coprocessor\filterbasetest.java;False;False;0.999;0.001
storage-hbase\src\test\java\org\apache\kylin\storage\hbase\common\coprocessor\filterevaluatetest.java;False;False;0.997;0.003
storage-hbase\src\test\java\org\apache\kylin\storage\hbase\common\coprocessor\filterserializetest.java;False;False;0.999;0.001
storage-hbase\src\test\java\org\apache\kylin\storage\hbase\common\coprocessor\rowprojectortest.java;False;False;0.999;0.001
storage-hbase\src\test\java\org\apache\kylin\storage\hbase\cube\measuretypeonlyaggrinbasetest.java;False;False;1.0;0.0
storage-hbase\src\test\java\org\apache\kylin\storage\hbase\cube\measuretypeonlyaggrinbasetest.java;False;False;1.0;0.0
storage-hbase\src\test\java\org\apache\kylin\storage\hbase\cube\segmentqueryresulttest.java;False;False;1.0;0.0
storage-hbase\src\test\java\org\apache\kylin\storage\hbase\cube\segmentqueryresulttest.java;False;False;1.0;0.0
storage-hbase\src\test\java\org\apache\kylin\storage\hbase\cube\segmentqueryresulttest.java;False;False;1.0;0.0
storage-hbase\src\test\java\org\apache\kylin\storage\hbase\cube\v2\coprocessor\endpoint\cubevisitservicetest.java;True;False;1.0;0.0
storage-hbase\src\test\java\org\apache\kylin\storage\hbase\cube\v2\coprocessor\endpoint\cubevisitservicetest.java;True;False;0.98;0.02
storage-hbase\src\test\java\org\apache\kylin\storage\hbase\cube\v2\coprocessor\endpoint\cubevisitservicetest.java;True;False;1.0;0.0
storage-hbase\src\test\java\org\apache\kylin\storage\hbase\cube\v2\coprocessor\endpoint\cubevisitservicetest.java;True;False;0.998;0.002
storage-hbase\src\test\java\org\apache\kylin\storage\hbase\cube\v2\coprocessor\endpoint\cubevisitservicetest.java;True;False;1.0;0.0
storage-hbase\src\test\java\org\apache\kylin\storage\hbase\cube\v2\coprocessor\endpoint\cubevisitservicetest.java;True;False;1.0;0.0
storage-hbase\src\test\java\org\apache\kylin\storage\hbase\cube\v2\coprocessor\endpoint\cubevisitservicetest.java;True;False;1.0;0.0
storage-hbase\src\test\java\org\apache\kylin\storage\hbase\lookup\hbaselookuprowencodertest.java;False;False;1.0;0.0
storage-hbase\src\test\java\org\apache\kylin\storage\hbase\lookup\lookuptabletohfilejobtest.java;False;False;1.0;0.0
storage-hbase\src\test\java\org\apache\kylin\storage\hbase\lookup\updatesnapshotcacheforqueryserverssteptest.java;False;False;1.0;0.0
storage-hbase\src\test\java\org\apache\kylin\storage\hbase\steps\cubehfilemapper2test.java;False;False;1.0;0.0
storage-hbase\src\test\java\org\apache\kylin\storage\hbase\steps\cubehfilemappertest.java;False;False;0.999;0.001
storage-hbase\src\test\java\org\apache\kylin\storage\hbase\steps\hfilepartitionertest.java;False;False;1.0;0.0
storage-hbase\src\test\java\org\apache\kylin\storage\hbase\steps\mockupmapcontext.java;False;False;0.991;0.009
storage-hbase\src\test\java\org\apache\kylin\storage\hbase\steps\rowvaluedecodertest.java;False;False;1.0;0.0
storage-hbase\src\test\java\org\apache\kylin\storage\hbase\steps\sandboxmetastorecli.java;False;False;0.99;0.01
storage-hbase\src\test\java\org\apache\kylin\storage\hbase\steps\testhbaseclient.java;False;False;0.999;0.001
storage-hbase\src\test\java\org\apache\kylin\storage\hbase\util\deploycoprocessorclitest.java;False;False;0.995;0.005
storage-hbase\src\test\java\org\apache\kylin\storage\hbase\util\zookeeperaclbuildertest.java;False;False;0.996;0.004
storage-stream\src\main\java\org\apache\kylin\storage\stream\streamstorage.java;False;False;0.998;0.002
storage-stream\src\main\java\org\apache\kylin\storage\stream\streamstoragequery.java;False;False;0.991;0.009
storage-stream\src\main\java\org\apache\kylin\storage\stream\rpc\httpstreamdatasearchclient.java;False;False;0.978;0.022
storage-stream\src\main\java\org\apache\kylin\storage\stream\rpc\httpstreamdatasearchclient.java;False;False;0.971;0.029
storage-stream\src\main\java\org\apache\kylin\storage\stream\rpc\istreamdatasearchclient.java;False;False;0.999;0.001
storage-stream\src\main\java\org\apache\kylin\storage\stream\rpc\mockedstreamdatasearchclient.java;False;False;1.0;0.0
stream-coordinator\src\main\java\org\apache\kylin\stream\coordinator\coordinator.java;False;True;0.061;0.939
stream-coordinator\src\main\java\org\apache\kylin\stream\coordinator\coordinator.java;False;True;0.063;0.937
stream-coordinator\src\main\java\org\apache\kylin\stream\coordinator\coordinator.java;False;True;0.058;0.942
stream-coordinator\src\main\java\org\apache\kylin\stream\coordinator\coordinator.java;False;True;0.054;0.946
stream-coordinator\src\main\java\org\apache\kylin\stream\coordinator\hbasestreammetadatastore.java;False;False;0.999;0.001
stream-coordinator\src\main\java\org\apache\kylin\stream\coordinator\hbasestreammetadatastore.java;False;False;0.999;0.001
stream-coordinator\src\main\java\org\apache\kylin\stream\coordinator\mockstreammetadatastore.java;False;False;0.999;0.001
stream-coordinator\src\main\java\org\apache\kylin\stream\coordinator\mockstreammetadatastore.java;False;False;0.999;0.001
stream-coordinator\src\main\java\org\apache\kylin\stream\coordinator\streammetadatastore.java;False;False;0.992;0.008
stream-coordinator\src\main\java\org\apache\kylin\stream\coordinator\streammetadatastore.java;False;False;0.999;0.001
stream-coordinator\src\main\java\org\apache\kylin\stream\coordinator\streammetadatastorefactory.java;False;False;0.996;0.004
stream-coordinator\src\main\java\org\apache\kylin\stream\coordinator\streamingcubeinfo.java;False;False;1.0;0.0
stream-coordinator\src\main\java\org\apache\kylin\stream\coordinator\streamingutils.java;False;False;1.0;0.0
stream-coordinator\src\main\java\org\apache\kylin\stream\coordinator\zookeeperstreammetadatastore.java;False;False;0.988;0.012
stream-coordinator\src\main\java\org\apache\kylin\stream\coordinator\zookeeperstreammetadatastore.java;False;False;0.989;0.011
stream-coordinator\src\main\java\org\apache\kylin\stream\coordinator\assign\assigner.java;False;False;1.0;0.0
stream-coordinator\src\main\java\org\apache\kylin\stream\coordinator\assign\assignmentutil.java;False;False;1.0;0.0
stream-coordinator\src\main\java\org\apache\kylin\stream\coordinator\assign\assignmentscache.java;False;False;1.0;0.0
stream-coordinator\src\main\java\org\apache\kylin\stream\coordinator\assign\assignmentscache.java;False;False;0.998;0.002
stream-coordinator\src\main\java\org\apache\kylin\stream\coordinator\assign\cubepartitionroundrobinassigner.java;False;False;0.999;0.001
stream-coordinator\src\main\java\org\apache\kylin\stream\coordinator\assign\cubepartitionroundrobinassigner.java;False;False;0.991;0.009
stream-coordinator\src\main\java\org\apache\kylin\stream\coordinator\assign\defaultassigner.java;False;False;0.985;0.015
stream-coordinator\src\main\java\org\apache\kylin\stream\coordinator\client\coordinatorclient.java;False;False;0.987;0.013
stream-coordinator\src\main\java\org\apache\kylin\stream\coordinator\client\coordinatorclientfactory.java;False;False;1.0;0.0
stream-coordinator\src\main\java\org\apache\kylin\stream\coordinator\client\coordinatorresponse.java;False;False;1.0;0.0
stream-coordinator\src\main\java\org\apache\kylin\stream\coordinator\client\httpcoordinatorclient.java;False;False;0.997;0.003
stream-coordinator\src\main\java\org\apache\kylin\stream\coordinator\client\httpcoordinatorclient.java;False;False;0.99;0.01
stream-coordinator\src\main\java\org\apache\kylin\stream\coordinator\coordinate\buildjobsubmitter.java;False;False;0.977;0.023
stream-coordinator\src\main\java\org\apache\kylin\stream\coordinator\coordinate\receiverclustermanager.java;False;False;0.966;0.034
stream-coordinator\src\main\java\org\apache\kylin\stream\coordinator\coordinate\segmentjobbuildinfo.java;False;False;0.999;0.001
stream-coordinator\src\main\java\org\apache\kylin\stream\coordinator\coordinate\streamingcoordinator.java;False;False;0.991;0.009
stream-coordinator\src\main\java\org\apache\kylin\stream\coordinator\coordinate\streamingcoordinator.java;False;False;0.981;0.019
stream-coordinator\src\main\java\org\apache\kylin\stream\coordinator\coordinate\annotations\nonsideeffect.java;False;False;1.0;0.0
stream-coordinator\src\main\java\org\apache\kylin\stream\coordinator\coordinate\annotations\notatomicandnotidempotent.java;False;False;1.0;0.0
stream-coordinator\src\main\java\org\apache\kylin\stream\coordinator\coordinate\annotations\notatomicidempotent.java;False;False;1.0;0.0
stream-coordinator\src\main\java\org\apache\kylin\stream\coordinator\doctor\clusterdoctor.java;False;False;1.0;0.0
stream-coordinator\src\main\java\org\apache\kylin\stream\coordinator\doctor\clusterstatechecker.java;False;False;1.0;0.0
stream-coordinator\src\main\java\org\apache\kylin\stream\coordinator\exception\clusterstateexception.java;False;False;1.0;0.0
stream-coordinator\src\main\java\org\apache\kylin\stream\coordinator\exception\coordinateexception.java;False;False;1.0;0.0
stream-coordinator\src\main\java\org\apache\kylin\stream\coordinator\exception\notleadcoordinatorexception.java;False;False;1.0;0.0
stream-coordinator\src\main\java\org\apache\kylin\stream\coordinator\exception\storeexception.java;False;False;1.0;0.0
stream-coordinator\src\test\java\org\apache\kylin\stream\coordinator\coordinatortest.java;False;False;0.993;0.007
stream-coordinator\src\test\java\org\apache\kylin\stream\coordinator\assign\cubepartitionroundrobinassignertest.java;False;False;1.0;0.0
stream-coordinator\src\test\java\org\apache\kylin\stream\coordinator\assign\defaultassignertest.java;False;False;0.991;0.009
stream-coordinator\src\test\java\org\apache\kylin\stream\coordinator\coordinate\buildjobsubmittertest.java;False;False;0.999;0.001
stream-coordinator\src\test\java\org\apache\kylin\stream\coordinator\coordinate\streamingtestbase.java;False;False;0.994;0.006
stream-core\src\main\java\org\apache\kylin\stream\core\client\httpreceiveradminclient.java;False;False;0.986;0.014
stream-core\src\main\java\org\apache\kylin\stream\core\client\receiveradminclient.java;False;False;0.97;0.03
stream-core\src\main\java\org\apache\kylin\stream\core\consumer\consumerstartmode.java;False;False;1.0;0.0
stream-core\src\main\java\org\apache\kylin\stream\core\consumer\consumerstartprotocol.java;False;False;1.0;0.0
stream-core\src\main\java\org\apache\kylin\stream\core\consumer\endpositionstopcondition.java;False;False;0.999;0.001
stream-core\src\main\java\org\apache\kylin\stream\core\consumer\iconsumerprovider.java;False;False;1.0;0.0
stream-core\src\main\java\org\apache\kylin\stream\core\consumer\istopconsumptioncondition.java;False;False;1.0;0.0
stream-core\src\main\java\org\apache\kylin\stream\core\consumer\istreamingconnector.java;False;False;1.0;0.0
stream-core\src\main\java\org\apache\kylin\stream\core\consumer\neverstopconsumptioncondition.java;False;False;1.0;0.0
stream-core\src\main\java\org\apache\kylin\stream\core\consumer\streamingconsumerchannel.java;False;False;0.994;0.006
stream-core\src\main\java\org\apache\kylin\stream\core\dict\localdictionarystore.java;False;False;0.999;0.001
stream-core\src\main\java\org\apache\kylin\stream\core\dict\remotedictionarystore.java;False;False;0.989;0.011
stream-core\src\main\java\org\apache\kylin\stream\core\dict\streamingdictionaryclient.java;False;False;0.996;0.004
stream-core\src\main\java\org\apache\kylin\stream\core\dict\streamingdistributeddictionary.java;False;False;0.996;0.004
stream-core\src\main\java\org\apache\kylin\stream\core\exception\illegalstorageexception.java;False;False;1.0;0.0
stream-core\src\main\java\org\apache\kylin\stream\core\exception\streamingexception.java;False;False;1.0;0.0
stream-core\src\main\java\org\apache\kylin\stream\core\metrics\streamingmetrics.java;False;False;0.979;0.021
stream-core\src\main\java\org\apache\kylin\stream\core\model\assignrequest.java;False;False;1.0;0.0
stream-core\src\main\java\org\apache\kylin\stream\core\model\consumerstatsresponse.java;False;False;1.0;0.0
stream-core\src\main\java\org\apache\kylin\stream\core\model\cubeassignment.java;False;False;1.0;0.0
stream-core\src\main\java\org\apache\kylin\stream\core\model\datarequest.java;False;False;0.992;0.008
stream-core\src\main\java\org\apache\kylin\stream\core\model\dataresponse.java;False;False;1.0;0.0
stream-core\src\main\java\org\apache\kylin\stream\core\model\healthcheckinfo.java;False;False;1.0;0.0
stream-core\src\main\java\org\apache\kylin\stream\core\model\node.java;False;False;1.0;0.0
stream-core\src\main\java\org\apache\kylin\stream\core\model\pauseconsumersrequest.java;False;False;1.0;0.0
stream-core\src\main\java\org\apache\kylin\stream\core\model\remotestorecompleterequest.java;False;False;1.0;0.0
stream-core\src\main\java\org\apache\kylin\stream\core\model\replicaset.java;False;False;1.0;0.0
stream-core\src\main\java\org\apache\kylin\stream\core\model\replicasetleaderchangerequest.java;False;False;1.0;0.0
stream-core\src\main\java\org\apache\kylin\stream\core\model\resumeconsumerrequest.java;False;False;1.0;0.0
stream-core\src\main\java\org\apache\kylin\stream\core\model\segmentbuildstate.java;False;False;1.0;0.0
stream-core\src\main\java\org\apache\kylin\stream\core\model\segmentbuildstate.java;False;False;1.0;0.0
stream-core\src\main\java\org\apache\kylin\stream\core\model\startconsumersrequest.java;False;False;1.0;0.0
stream-core\src\main\java\org\apache\kylin\stream\core\model\stopconsumersrequest.java;False;False;1.0;0.0
stream-core\src\main\java\org\apache\kylin\stream\core\model\streamingcubeconsumestate.java;False;False;1.0;0.0
stream-core\src\main\java\org\apache\kylin\stream\core\model\streamingmessage.java;False;False;1.0;0.0
stream-core\src\main\java\org\apache\kylin\stream\core\model\unassignrequest.java;False;False;1.0;0.0
stream-core\src\main\java\org\apache\kylin\stream\core\model\stats\clusterstate.java;False;False;1.0;0.0
stream-core\src\main\java\org\apache\kylin\stream\core\model\stats\consumerstats.java;False;False;1.0;0.0
stream-core\src\main\java\org\apache\kylin\stream\core\model\stats\cuberealtimestate.java;False;False;1.0;0.0
stream-core\src\main\java\org\apache\kylin\stream\core\model\stats\longlatencyinfo.java;False;False;1.0;0.0
stream-core\src\main\java\org\apache\kylin\stream\core\model\stats\partitionconsumestats.java;False;False;0.999;0.001
stream-core\src\main\java\org\apache\kylin\stream\core\model\stats\receivercuberealtimestate.java;False;False;1.0;0.0
stream-core\src\main\java\org\apache\kylin\stream\core\model\stats\receivercuberealtimestate.java;False;False;1.0;0.0
stream-core\src\main\java\org\apache\kylin\stream\core\model\stats\receivercubestats.java;False;False;1.0;0.0
stream-core\src\main\java\org\apache\kylin\stream\core\model\stats\receiverstate.java;False;False;1.0;0.0
stream-core\src\main\java\org\apache\kylin\stream\core\model\stats\receiverstats.java;False;False;1.0;0.0
stream-core\src\main\java\org\apache\kylin\stream\core\model\stats\replicasetstate.java;False;False;1.0;0.0
stream-core\src\main\java\org\apache\kylin\stream\core\model\stats\segmentstats.java;False;False;0.998;0.002
stream-core\src\main\java\org\apache\kylin\stream\core\model\stats\segmentstorestats.java;False;False;1.0;0.0
stream-core\src\main\java\org\apache\kylin\stream\core\query\havingfilterchecker.java;False;False;1.0;0.0
stream-core\src\main\java\org\apache\kylin\stream\core\query\havingfilterchecker.java;False;False;1.0;0.0
stream-core\src\main\java\org\apache\kylin\stream\core\query\havingfilterchecker.java;False;False;1.0;0.0
stream-core\src\main\java\org\apache\kylin\stream\core\query\istreaminggtsearcher.java;False;False;1.0;0.0
stream-core\src\main\java\org\apache\kylin\stream\core\query\istreamingsearchresult.java;False;False;1.0;0.0
stream-core\src\main\java\org\apache\kylin\stream\core\query\multithreadsresultcollector.java;False;False;0.997;0.003
stream-core\src\main\java\org\apache\kylin\stream\core\query\multithreadsresultcollector.java;False;False;1.0;0.0
stream-core\src\main\java\org\apache\kylin\stream\core\query\multithreadsresultcollector.java;False;False;1.0;0.0
stream-core\src\main\java\org\apache\kylin\stream\core\query\recordsaggregator.java;False;False;0.998;0.002
stream-core\src\main\java\org\apache\kylin\stream\core\query\responseresultschema.java;False;False;1.0;0.0
stream-core\src\main\java\org\apache\kylin\stream\core\query\resultcollector.java;False;False;1.0;0.0
stream-core\src\main\java\org\apache\kylin\stream\core\query\singlethreadresultcollector.java;False;False;0.997;0.003
stream-core\src\main\java\org\apache\kylin\stream\core\query\streamingbuiltinfunctiontransformer.java;False;False;0.998;0.002
stream-core\src\main\java\org\apache\kylin\stream\core\query\streamingbuiltinfunctiontransformer.java;False;False;0.998;0.002
stream-core\src\main\java\org\apache\kylin\stream\core\query\streamingbuiltinfunctiontransformer.java;False;False;0.999;0.001
stream-core\src\main\java\org\apache\kylin\stream\core\query\streamingcubedatasearcher.java;False;False;1.0;0.0
stream-core\src\main\java\org\apache\kylin\stream\core\query\streamingcubedatasearcher.java;False;False;1.0;0.0
stream-core\src\main\java\org\apache\kylin\stream\core\query\streamingdataqueryplanner.java;False;False;0.995;0.005
stream-core\src\main\java\org\apache\kylin\stream\core\query\streamingqueryprofile.java;False;False;0.999;0.001
stream-core\src\main\java\org\apache\kylin\stream\core\query\streamingqueryprofile.java;False;False;0.998;0.002
stream-core\src\main\java\org\apache\kylin\stream\core\query\streamingsearchcontext.java;False;False;1.0;0.0
stream-core\src\main\java\org\apache\kylin\stream\core\query\streamingtupleconverter.java;False;False;0.989;0.011
stream-core\src\main\java\org\apache\kylin\stream\core\query\streamingtupleiterator.java;False;False;0.996;0.004
stream-core\src\main\java\org\apache\kylin\stream\core\source\isourceposition.java;False;False;1.0;0.0
stream-core\src\main\java\org\apache\kylin\stream\core\source\isourcepositionhandler.java;False;False;1.0;0.0
stream-core\src\main\java\org\apache\kylin\stream\core\source\istreamingmessageparser.java;False;False;1.0;0.0
stream-core\src\main\java\org\apache\kylin\stream\core\source\istreamingsource.java;False;False;0.998;0.002
stream-core\src\main\java\org\apache\kylin\stream\core\source\messageformatexception.java;False;False;1.0;0.0
stream-core\src\main\java\org\apache\kylin\stream\core\source\messageparserinfo.java;False;False;0.999;0.001
stream-core\src\main\java\org\apache\kylin\stream\core\source\partition.java;False;False;1.0;0.0
stream-core\src\main\java\org\apache\kylin\stream\core\source\streamingsourceconfig.java;False;False;1.0;0.0
stream-core\src\main\java\org\apache\kylin\stream\core\source\streamingsourceconfigmanager.java;False;False;1.0;0.0
stream-core\src\main\java\org\apache\kylin\stream\core\source\streamingsourcefactory.java;False;False;1.0;0.0
stream-core\src\main\java\org\apache\kylin\stream\core\source\streamingtablesourceinfo.java;False;False;1.0;0.0
stream-core\src\main\java\org\apache\kylin\stream\core\storage\checkpoint.java;False;False;1.0;0.0
stream-core\src\main\java\org\apache\kylin\stream\core\storage\checkpointstore.java;False;False;0.993;0.007
stream-core\src\main\java\org\apache\kylin\stream\core\storage\istreamingsegmentstore.java;False;False;0.985;0.015
stream-core\src\main\java\org\apache\kylin\stream\core\storage\istreamingsegmentstore.java;False;False;0.999;0.001
stream-core\src\main\java\org\apache\kylin\stream\core\storage\record.java;False;False;1.0;0.0
stream-core\src\main\java\org\apache\kylin\stream\core\storage\streamingcubesegment.java;False;False;1.0;0.0
stream-core\src\main\java\org\apache\kylin\stream\core\storage\streamingsegmentmanager.java;False;False;0.965;0.035
stream-core\src\main\java\org\apache\kylin\stream\core\storage\columnar\columndatareader.java;False;False;1.0;0.0
stream-core\src\main\java\org\apache\kylin\stream\core\storage\columnar\columndatawriter.java;False;False;1.0;0.0
stream-core\src\main\java\org\apache\kylin\stream\core\storage\columnar\columnarmemorystorepersister.java;False;False;0.975;0.025
stream-core\src\main\java\org\apache\kylin\stream\core\storage\columnar\columnarmetricsencoding.java;False;False;1.0;0.0
stream-core\src\main\java\org\apache\kylin\stream\core\storage\columnar\columnarmetricsencodingfactory.java;False;False;1.0;0.0
stream-core\src\main\java\org\apache\kylin\stream\core\storage\columnar\columnarmetricsencodingfactory.java;False;False;1.0;0.0
stream-core\src\main\java\org\apache\kylin\stream\core\storage\columnar\columnarmetricsencodingfactory.java;False;False;1.0;0.0
stream-core\src\main\java\org\apache\kylin\stream\core\storage\columnar\columnarmetricsencodingfactory.java;False;False;1.0;0.0
stream-core\src\main\java\org\apache\kylin\stream\core\storage\columnar\columnarmetricsencodingfactory.java;False;False;1.0;0.0
stream-core\src\main\java\org\apache\kylin\stream\core\storage\columnar\columnarrecordcodec.java;False;False;1.0;0.0
stream-core\src\main\java\org\apache\kylin\stream\core\storage\columnar\columnarsegmentstore.java;False;False;0.998;0.002
stream-core\src\main\java\org\apache\kylin\stream\core\storage\columnar\columnarsegmentstore.java;False;False;0.986;0.014
stream-core\src\main\java\org\apache\kylin\stream\core\storage\columnar\columnarsegmentstorefilessearcher.java;False;False;0.999;0.001
stream-core\src\main\java\org\apache\kylin\stream\core\storage\columnar\columnarstorecache.java;False;False;0.994;0.006
stream-core\src\main\java\org\apache\kylin\stream\core\storage\columnar\columnarstorecachestats.java;False;False;0.997;0.003
stream-core\src\main\java\org\apache\kylin\stream\core\storage\columnar\columnarstoredimdesc.java;True;False;0.996;0.004
stream-core\src\main\java\org\apache\kylin\stream\core\storage\columnar\columnarstoremetricsdesc.java;True;False;0.998;0.002
stream-core\src\main\java\org\apache\kylin\stream\core\storage\columnar\datasegmentfragment.java;False;False;1.0;0.0
stream-core\src\main\java\org\apache\kylin\stream\core\storage\columnar\fsinputgeneralcolumndatareader.java;False;False;0.999;0.001
stream-core\src\main\java\org\apache\kylin\stream\core\storage\columnar\fragmentcuboidreader.java;False;False;0.998;0.002
stream-core\src\main\java\org\apache\kylin\stream\core\storage\columnar\fragmentdata.java;False;False;1.0;0.0
stream-core\src\main\java\org\apache\kylin\stream\core\storage\columnar\fragmentfilesearcher.java;False;False;0.952;0.048
stream-core\src\main\java\org\apache\kylin\stream\core\storage\columnar\fragmentfilesearcher.java;False;False;0.993;0.007
stream-core\src\main\java\org\apache\kylin\stream\core\storage\columnar\fragmentfilesmerger.java;True;False;1.0;0.0
stream-core\src\main\java\org\apache\kylin\stream\core\storage\columnar\fragmentfilesmerger.java;True;False;0.989;0.011
stream-core\src\main\java\org\apache\kylin\stream\core\storage\columnar\fragmentfilesmerger.java;True;False;0.998;0.002
stream-core\src\main\java\org\apache\kylin\stream\core\storage\columnar\fragmentfilesmerger.java;True;False;0.999;0.001
stream-core\src\main\java\org\apache\kylin\stream\core\storage\columnar\fragmentfilesmerger.java;True;False;0.976;0.024
stream-core\src\main\java\org\apache\kylin\stream\core\storage\columnar\fragmentfilesmerger.java;True;False;1.0;0.0
stream-core\src\main\java\org\apache\kylin\stream\core\storage\columnar\fragmentid.java;False;False;1.0;0.0
stream-core\src\main\java\org\apache\kylin\stream\core\storage\columnar\fragmentsearchresult.java;False;False;1.0;0.0
stream-core\src\main\java\org\apache\kylin\stream\core\storage\columnar\fragmentsearchresult.java;False;False;0.999;0.001
stream-core\src\main\java\org\apache\kylin\stream\core\storage\columnar\fragmentsearchresult.java;False;False;0.993;0.007
stream-core\src\main\java\org\apache\kylin\stream\core\storage\columnar\fragmentsearchresult.java;False;False;0.993;0.007
stream-core\src\main\java\org\apache\kylin\stream\core\storage\columnar\fragmentsearchresult.java;False;False;0.999;0.001
stream-core\src\main\java\org\apache\kylin\stream\core\storage\columnar\fragmentsmergeresult.java;False;False;0.999;0.001
stream-core\src\main\java\org\apache\kylin\stream\core\storage\columnar\generalcolumndatareader.java;False;False;1.0;0.0
stream-core\src\main\java\org\apache\kylin\stream\core\storage\columnar\generalcolumndatawriter.java;False;False;0.997;0.003
stream-core\src\main\java\org\apache\kylin\stream\core\storage\columnar\parsedstreamingcubeinfo.java;False;False;0.999;0.001
stream-core\src\main\java\org\apache\kylin\stream\core\storage\columnar\parsedstreamingcubeinfo.java;False;False;0.999;0.001
stream-core\src\main\java\org\apache\kylin\stream\core\storage\columnar\rawrecord.java;False;False;1.0;0.0
stream-core\src\main\java\org\apache\kylin\stream\core\storage\columnar\segmentmemorystore.java;False;False;0.999;0.001
stream-core\src\main\java\org\apache\kylin\stream\core\storage\columnar\segmentmemorystore.java;False;False;1.0;0.0
stream-core\src\main\java\org\apache\kylin\stream\core\storage\columnar\stringarraycomparator.java;False;False;1.0;0.0
stream-core\src\main\java\org\apache\kylin\stream\core\storage\columnar\timederivedcolumnencoding.java;False;False;1.0;0.0
stream-core\src\main\java\org\apache\kylin\stream\core\storage\columnar\compress\compression.java;False;False;1.0;0.0
stream-core\src\main\java\org\apache\kylin\stream\core\storage\columnar\compress\fsinputlz4compressedcolumnreader.java;False;False;1.0;0.0
stream-core\src\main\java\org\apache\kylin\stream\core\storage\columnar\compress\fsinputlz4compressedcolumnreader.java;False;False;1.0;0.0
stream-core\src\main\java\org\apache\kylin\stream\core\storage\columnar\compress\fsinputnocompressedcolumnreader.java;False;False;1.0;0.0
stream-core\src\main\java\org\apache\kylin\stream\core\storage\columnar\compress\fsinputnocompressedcolumnreader.java;False;False;1.0;0.0
stream-core\src\main\java\org\apache\kylin\stream\core\storage\columnar\compress\fsinputrlecompressedcolumnreader.java;False;False;1.0;0.0
stream-core\src\main\java\org\apache\kylin\stream\core\storage\columnar\compress\fsinputrlecompressedcolumnreader.java;False;False;1.0;0.0
stream-core\src\main\java\org\apache\kylin\stream\core\storage\columnar\compress\lz4compressedcolumnreader.java;False;False;1.0;0.0
stream-core\src\main\java\org\apache\kylin\stream\core\storage\columnar\compress\lz4compressedcolumnreader.java;False;False;1.0;0.0
stream-core\src\main\java\org\apache\kylin\stream\core\storage\columnar\compress\lz4compressedcolumnwriter.java;False;False;1.0;0.0
stream-core\src\main\java\org\apache\kylin\stream\core\storage\columnar\compress\lz4compressortest.java;False;False;1.0;0.0
stream-core\src\main\java\org\apache\kylin\stream\core\storage\columnar\compress\nocompressedcolumnreader.java;False;False;1.0;0.0
stream-core\src\main\java\org\apache\kylin\stream\core\storage\columnar\compress\nocompressedcolumnreader.java;False;False;1.0;0.0
stream-core\src\main\java\org\apache\kylin\stream\core\storage\columnar\compress\nocompressedcolumnwriter.java;False;False;1.0;0.0
stream-core\src\main\java\org\apache\kylin\stream\core\storage\columnar\compress\runlengthcompressedcolumnreader.java;False;False;1.0;0.0
stream-core\src\main\java\org\apache\kylin\stream\core\storage\columnar\compress\runlengthcompressedcolumnreader.java;False;False;0.998;0.002
stream-core\src\main\java\org\apache\kylin\stream\core\storage\columnar\compress\runlengthcompressedcolumnwriter.java;False;False;0.99;0.01
stream-core\src\main\java\org\apache\kylin\stream\core\storage\columnar\invertindex\colinvertindexsearcher.java;False;False;0.997;0.003
stream-core\src\main\java\org\apache\kylin\stream\core\storage\columnar\invertindex\colinvertindexsearcher.java;False;False;1.0;0.0
stream-core\src\main\java\org\apache\kylin\stream\core\storage\columnar\invertindex\colinvertindexsearcher.java;False;False;1.0;0.0
stream-core\src\main\java\org\apache\kylin\stream\core\storage\columnar\invertindex\colinvertindexwriter.java;False;False;0.999;0.001
stream-core\src\main\java\org\apache\kylin\stream\core\storage\columnar\invertindex\fixlencolinvertindexwriter.java;False;False;1.0;0.0
stream-core\src\main\java\org\apache\kylin\stream\core\storage\columnar\invertindex\fixleniicolumndescriptor.java;False;False;1.0;0.0
stream-core\src\main\java\org\apache\kylin\stream\core\storage\columnar\invertindex\iicolumndescriptor.java;False;False;1.0;0.0
stream-core\src\main\java\org\apache\kylin\stream\core\storage\columnar\invertindex\indexsearchresult.java;False;False;1.0;0.0
stream-core\src\main\java\org\apache\kylin\stream\core\storage\columnar\invertindex\invertindexsearcher.java;False;False;0.999;0.001
stream-core\src\main\java\org\apache\kylin\stream\core\storage\columnar\invertindex\invertindexsearcher.java;False;False;0.987;0.013
stream-core\src\main\java\org\apache\kylin\stream\core\storage\columnar\invertindex\seqcolinvertindexwriter.java;False;False;0.995;0.005
stream-core\src\main\java\org\apache\kylin\stream\core\storage\columnar\invertindex\seqiicolumndescriptor.java;False;False;0.999;0.001
stream-core\src\main\java\org\apache\kylin\stream\core\storage\columnar\protocol\cuboidmetainfo.java;False;False;1.0;0.0
stream-core\src\main\java\org\apache\kylin\stream\core\storage\columnar\protocol\dimdictionarymetainfo.java;False;False;1.0;0.0
stream-core\src\main\java\org\apache\kylin\stream\core\storage\columnar\protocol\dimensionmetainfo.java;False;False;1.0;0.0
stream-core\src\main\java\org\apache\kylin\stream\core\storage\columnar\protocol\footer.java;False;False;1.0;0.0
stream-core\src\main\java\org\apache\kylin\stream\core\storage\columnar\protocol\fragmentmetainfo.java;False;False;1.0;0.0
stream-core\src\main\java\org\apache\kylin\stream\core\storage\columnar\protocol\metricmetainfo.java;False;False;0.999;0.001
stream-core\src\main\java\org\apache\kylin\stream\core\storage\rocksdb\rocksdbsegmentstore.java;False;False;1.0;0.0
stream-core\src\main\java\org\apache\kylin\stream\core\storage\rocksdb\rocksdbsegmentstore.java;False;False;1.0;0.0
stream-core\src\main\java\org\apache\kylin\stream\core\util\comparefiltertimerangechecker.java;False;False;0.994;0.006
stream-core\src\main\java\org\apache\kylin\stream\core\util\constants.java;False;False;1.0;0.0
stream-core\src\main\java\org\apache\kylin\stream\core\util\hdfsutil.java;False;False;1.0;0.0
stream-core\src\main\java\org\apache\kylin\stream\core\util\namedthreadfactory.java;False;False;1.0;0.0
stream-core\src\main\java\org\apache\kylin\stream\core\util\nodeutil.java;False;False;0.994;0.006
stream-core\src\main\java\org\apache\kylin\stream\core\util\recordsserializer.java;False;False;1.0;0.0
stream-core\src\main\java\org\apache\kylin\stream\core\util\restservice.java;False;False;0.992;0.008
stream-core\src\main\java\org\apache\kylin\stream\core\util\retrycallable.java;False;False;0.997;0.003
stream-core\src\main\java\org\apache\kylin\stream\core\util\retrycaller.java;False;False;0.999;0.001
stream-core\src\main\java\org\apache\kylin\stream\core\util\retrycaller.java;False;False;1.0;0.0
stream-core\src\main\java\org\apache\kylin\stream\core\util\streamfilterutil.java;False;False;1.0;0.0
stream-core\src\test\java\org\apache\kylin\stream\core\storage\checkpointstoretest.java;False;False;1.0;0.0
stream-core\src\test\java\org\apache\kylin\stream\core\storage\mockpositionhandler.java;False;False;0.998;0.002
stream-core\src\test\java\org\apache\kylin\stream\core\storage\recordsserdetest.java;False;False;1.0;0.0
stream-core\src\test\java\org\apache\kylin\stream\core\storage\streamingsegmentmanagertest.java;False;False;0.998;0.002
stream-core\src\test\java\org\apache\kylin\stream\core\storage\testhelper.java;False;False;1.0;0.0
stream-core\src\test\java\org\apache\kylin\stream\core\storage\columnar\columnarsegmentstoretest.java;False;False;1.0;0.0
stream-core\src\test\java\org\apache\kylin\stream\core\storage\columnar\columnarsegmentstoretest.java;False;False;1.0;0.0
stream-core\src\test\java\org\apache\kylin\stream\core\storage\columnar\columnarsegmentstoretest.java;False;False;1.0;0.0
stream-core\src\test\java\org\apache\kylin\stream\core\storage\columnar\fragmentcuboidreadertest.java;False;False;1.0;0.0
stream-core\src\test\java\org\apache\kylin\stream\core\storage\columnar\fragmentfilesearchertest.java;False;False;0.999;0.001
stream-core\src\test\java\org\apache\kylin\stream\core\storage\columnar\fragmentfilesmergertest.java;False;False;0.999;0.001
stream-core\src\test\java\org\apache\kylin\stream\core\storage\columnar\generalcolumndatatest.java;False;False;0.999;0.001
stream-core\src\test\java\org\apache\kylin\stream\core\storage\columnar\segmentmemorystoretest.java;False;False;0.998;0.002
stream-core\src\test\java\org\apache\kylin\stream\core\storage\columnar\streamingdatasimulator.java;False;False;1.0;0.0
stream-core\src\test\java\org\apache\kylin\stream\core\storage\columnar\compress\lz4compresscolumntest.java;False;False;0.998;0.002
stream-core\src\test\java\org\apache\kylin\stream\core\storage\columnar\compress\nocompresscolumntest.java;False;False;0.999;0.001
stream-core\src\test\java\org\apache\kylin\stream\core\storage\columnar\compress\runlengthcompresscolumntest.java;False;False;1.0;0.0
stream-core\src\test\java\org\apache\kylin\stream\core\storage\columnar\invertindex\colinvertindexwriterwritertest.java;False;False;1.0;0.0
stream-core\src\test\java\org\apache\kylin\stream\core\storage\columnar\invertindex\searchablecolinvertindexwritertest.java;False;False;1.0;0.0
stream-core\src\test\java\org\apache\kylin\stream\core\storage\columnar\invertindex\simplecolinvertindexwritertest.java;False;False;0.999;0.001
stream-core\src\test\java\org\apache\kylin\stream\core\storage\columnar\performance\fragmentcuboidreaderperftest.java;False;False;1.0;0.0
stream-core\src\test\java\org\apache\kylin\stream\core\storage\columnar\performance\perfdataprepare.java;False;False;1.0;0.0
stream-core\src\test\java\org\apache\kylin\stream\core\storage\columnar\performance\performancetest.java;False;False;0.999;0.001
stream-core\src\test\java\org\apache\kylin\stream\core\storage\columnar\performance\streamingcubedatasearcherperftest.java;False;False;0.999;0.001
stream-core\src\test\java\org\apache\kylin\stream\core\util\datagenerator.java;False;False;0.997;0.003
stream-receiver\src\main\java\org\apache\kylin\stream\server\replicasetleaderselector.java;False;False;1.0;0.0
stream-receiver\src\main\java\org\apache\kylin\stream\server\servercontext.java;False;False;1.0;0.0
stream-receiver\src\main\java\org\apache\kylin\stream\server\streamingreceiver.java;False;False;0.972;0.028
stream-receiver\src\main\java\org\apache\kylin\stream\server\streamingserver.java;False;False;0.97;0.03
stream-receiver\src\main\java\org\apache\kylin\stream\server\streamingserver.java;False;False;0.984;0.016
stream-receiver\src\main\java\org\apache\kylin\stream\server\rest\controller\admincontroller.java;False;False;0.999;0.001
stream-receiver\src\main\java\org\apache\kylin\stream\server\rest\controller\basiccontroller.java;False;False;1.0;0.0
stream-receiver\src\main\java\org\apache\kylin\stream\server\rest\controller\datacontroller.java;False;False;0.98;0.02
stream-receiver\src\main\java\org\apache\kylin\stream\server\rest\controller\querycontroller.java;False;False;0.999;0.001
stream-receiver\src\main\java\org\apache\kylin\stream\server\rest\controller\statscontroller.java;False;False;1.0;0.0
stream-receiver\src\main\java\org\apache\kylin\stream\server\rest\controller\systemcontroller.java;False;False;0.998;0.002
stream-receiver\src\main\java\org\apache\kylin\stream\server\rest\exception\badrequestexception.java;False;False;1.0;0.0
stream-receiver\src\main\java\org\apache\kylin\stream\server\rest\exception\forbiddenexception.java;False;False;1.0;0.0
stream-receiver\src\main\java\org\apache\kylin\stream\server\rest\exception\internalerrorexception.java;False;False;1.0;0.0
stream-receiver\src\main\java\org\apache\kylin\stream\server\rest\exception\notfoundexception.java;False;False;1.0;0.0
stream-receiver\src\main\java\org\apache\kylin\stream\server\rest\model\errorresponse.java;False;False;1.0;0.0
stream-receiver\src\main\java\org\apache\kylin\stream\server\rest\model\preparesqlrequest.java;False;False;1.0;0.0
stream-receiver\src\main\java\org\apache\kylin\stream\server\rest\model\preparesqlrequest.java;False;False;1.0;0.0
stream-receiver\src\main\java\org\apache\kylin\stream\server\rest\model\sqlrequest.java;False;False;1.0;0.0
stream-receiver\src\main\java\org\apache\kylin\stream\server\rest\model\sqlresponse.java;False;False;0.999;0.001
stream-receiver\src\main\java\org\apache\kylin\stream\server\rest\security\streamtableinterceptor.java;False;False;1.0;0.0
stream-receiver\src\main\java\org\apache\kylin\stream\server\rest\service\basicservice.java;False;False;1.0;0.0
stream-receiver\src\main\java\org\apache\kylin\stream\server\rest\service\queryservice.java;False;False;0.996;0.004
stream-receiver\src\main\java\org\apache\kylin\stream\server\rest\service\queryservice.java;False;False;0.988;0.012
stream-receiver\src\main\java\org\apache\kylin\stream\server\rest\util\queryutil.java;False;False;0.996;0.004
stream-receiver\src\main\java\org\apache\kylin\stream\server\retention\retentionpolicyinfo.java;False;False;0.992;0.008
stream-receiver\src\main\java\org\apache\kylin\stream\server\storage\localstreamstorage.java;False;False;1.0;0.0
stream-receiver\src\main\java\org\apache\kylin\stream\server\storage\localstreamstoragequery.java;False;False;1.0;0.0
stream-source-kafka\src\main\java\org\apache\kylin\stream\source\kafka\abstracttimeparser.java;False;False;1.0;0.0
stream-source-kafka\src\main\java\org\apache\kylin\stream\source\kafka\bootstrapserverconfig.java;False;False;1.0;0.0
stream-source-kafka\src\main\java\org\apache\kylin\stream\source\kafka\datetimeparser.java;False;False;1.0;0.0
stream-source-kafka\src\main\java\org\apache\kylin\stream\source\kafka\kafkabatchsourceadaptor.java;False;False;1.0;0.0
stream-source-kafka\src\main\java\org\apache\kylin\stream\source\kafka\kafkaconsumerstartinfo.java;False;False;1.0;0.0
stream-source-kafka\src\main\java\org\apache\kylin\stream\source\kafka\kafkaposition.java;False;False;1.0;0.0
stream-source-kafka\src\main\java\org\apache\kylin\stream\source\kafka\kafkaposition.java;False;False;1.0;0.0
stream-source-kafka\src\main\java\org\apache\kylin\stream\source\kafka\kafkapositionhandler.java;False;False;1.0;0.0
stream-source-kafka\src\main\java\org\apache\kylin\stream\source\kafka\kafkasource.java;False;False;1.0;0.0
stream-source-kafka\src\main\java\org\apache\kylin\stream\source\kafka\kafkasource.java;False;False;0.998;0.002
stream-source-kafka\src\main\java\org\apache\kylin\stream\source\kafka\kafkasource.java;False;False;0.979;0.021
stream-source-kafka\src\main\java\org\apache\kylin\stream\source\kafka\kafkatopicassignment.java;False;False;0.997;0.003
stream-source-kafka\src\main\java\org\apache\kylin\stream\source\kafka\longtimeparser.java;False;False;1.0;0.0
stream-source-kafka\src\main\java\org\apache\kylin\stream\source\kafka\timedjsonstreamparser.java;False;False;0.58;0.42
stream-source-kafka\src\main\java\org\apache\kylin\stream\source\kafka\consumer\kafkaconnector.java;False;False;1.0;0.0
stream-source-kafka\src\test\java\org\apache\kylin\stream\coordinator\assign\kafkasourcepositionhandlertest.java;False;False;1.0;0.0
stream-source-kafka\src\test\java\org\apache\kylin\stream\source\kafka\kafkasourcetest.java;False;False;1.0;0.0
stream-source-kafka\src\test\java\org\apache\kylin\stream\source\kafka\kafkatopicassignmenttest.java;False;False;1.0;0.0
stream-source-kafka\src\test\java\org\apache\kylin\stream\source\kafka\timedjsonstreamparsertest.java;False;False;0.983;0.017
tomcat-ext\src\main\java\org\apache\kylin\ext\customizedwebappclassloader.java;False;False;0.999;0.001
tool\src\main\java\org\apache\kylin\tool\abstractinfoextractor.java;False;False;0.987;0.013
tool\src\main\java\org\apache\kylin\tool\acltablemigrationcli.java;False;False;0.992;0.008
tool\src\main\java\org\apache\kylin\tool\clientenvextractor.java;False;False;0.999;0.001
tool\src\main\java\org\apache\kylin\tool\cubemetaextractor.java;False;False;0.982;0.018
tool\src\main\java\org\apache\kylin\tool\cubemetaingester.java;False;False;0.996;0.004
tool\src\main\java\org\apache\kylin\tool\cubemigrationcli.java;False;False;0.988;0.012
tool\src\main\java\org\apache\kylin\tool\cubemigrationcli.java;False;False;1.0;0.0
tool\src\main\java\org\apache\kylin\tool\cubemigrationcheckcli.java;False;False;1.0;0.0
tool\src\main\java\org\apache\kylin\tool\diagnosisinfocli.java;False;False;0.988;0.012
tool\src\main\java\org\apache\kylin\tool\extendcubetohybridcli.java;False;False;0.996;0.004
tool\src\main\java\org\apache\kylin\tool\hbaseusageextractor.java;False;False;0.956;0.044
tool\src\main\java\org\apache\kylin\tool\hiveconfigcli.java;False;False;0.99;0.01
tool\src\main\java\org\apache\kylin\tool\hybridcubecli.java;False;False;0.999;0.001
tool\src\main\java\org\apache\kylin\tool\jobdiagnosisinfocli.java;False;False;0.998;0.002
tool\src\main\java\org\apache\kylin\tool\jobinstanceextractor.java;False;True;0.454;0.546
tool\src\main\java\org\apache\kylin\tool\kylinconfigcli.java;False;False;1.0;0.0
tool\src\main\java\org\apache\kylin\tool\kylinhealthcheckjob.java;False;False;1.0;0.0
tool\src\main\java\org\apache\kylin\tool\kylinlogextractor.java;False;False;0.985;0.015
tool\src\main\java\org\apache\kylin\tool\metadatacleanupjob.java;False;False;0.994;0.006
tool\src\main\java\org\apache\kylin\tool\mrjobinfoextractor.java;False;False;0.987;0.013
tool\src\main\java\org\apache\kylin\tool\storagecleanupjob.java;False;False;0.998;0.002
tool\src\main\java\org\apache\kylin\tool\common\hadoopconfextractor.java;False;False;0.991;0.009
tool\src\main\java\org\apache\kylin\tool\job\cubebuildingcli.java;False;False;0.985;0.015
tool\src\main\java\org\apache\kylin\tool\metrics\systemcube\cubedesccreator.java;False;False;0.969;0.031
tool\src\main\java\org\apache\kylin\tool\metrics\systemcube\cubeinstancecreator.java;False;False;1.0;0.0
tool\src\main\java\org\apache\kylin\tool\metrics\systemcube\hivetablecreator.java;False;False;0.988;0.012
tool\src\main\java\org\apache\kylin\tool\metrics\systemcube\kylintablecreator.java;False;False;0.999;0.001
tool\src\main\java\org\apache\kylin\tool\metrics\systemcube\modelcreator.java;False;False;0.98;0.02
tool\src\main\java\org\apache\kylin\tool\metrics\systemcube\projectcreator.java;False;False;0.998;0.002
tool\src\main\java\org\apache\kylin\tool\metrics\systemcube\sccreator.java;False;False;0.989;0.011
tool\src\main\java\org\apache\kylin\tool\metrics\systemcube\util\hivesinktool.java;False;False;1.0;0.0
tool\src\main\java\org\apache\kylin\tool\util\toolutil.java;False;False;0.996;0.004
tool\src\test\java\org\apache\kylin\tool\cubemetaextractortest.java;False;False;0.998;0.002
tool\src\test\java\org\apache\kylin\tool\cubemetaingestertest.java;False;False;0.998;0.002
tool\src\test\java\org\apache\kylin\tool\hybridcubeclitest.java;False;False;1.0;0.0
tool\src\test\java\org\apache\kylin\tool\kylinconfigclitest.java;False;False;0.999;0.001
tool\src\test\java\org\apache\kylin\tool\metrics\systemcube\sccreatortest.java;False;False;1.0;0.0
